11541 13191
65 193 206 277 291 316 320 329 407 409 426 452 522 547 571 590 716 727 871 979 1000 1002 1081 1275 1297 1299 1337 1398 1473 1576 1623 1642 1643 1803 1841 1844 1858 1951 1980 2142 2173 2215 2229 2314 2329 2499 2575 2583 2760 2831 2837 2841 2852 2909 2992 2993 3006 3055 3067 3159 3170 3209 3218 3326 3369 3562 3584 3619 3669 3722 3801 3906 3986 4004 4037 4058 4080 4090 4109 4222 4256 4406 4418 4427 4445 4489 4529 4564 4602 4620 4646 4650 4767 4771 4781 4828 4830 4945 4959 5007 5039 5082 5091 5118 5138 5419 5422 5423 5504 5564 5818 5830 5859 5888 6052 6059 6148 6167 6225 6231 6439 6500 6578 6649 6773 6947 6952 6985 7020 7024 7060 7294 7337 7434 7439 7500 7512 7616 7620 7770 7807 7826 7852 7864 7892 7934 7970 8027 8043 8083 8084 8092 8103 8117 8252 8368 8399 8450 8560 8680 8709 8840 8848 8920 8965 9001 9058 9068 9076 9205 9245 9246 9328 9340 9570 9597 9671 9709 9735 9740 9847 9910 10150 10201 10213 10219 10244 10325 10326 10347 10458 10465 10507 10548 10615 10664 10700 10701 10717 10778 10811 10915 10927 10965 11000 11014 11079 11223 11225 11278 11398 11403 11429 11447 11494 11525 11550 11732 11737 11754 11820 11852 11867 11972 12070 12138 12194 12316 12378 12435 12503 12655 12705 12733 12866 12986 13027 13029 13057 13087 13106 13151 13172 13277 13327 13353 13373 13402 13456
1106 1861 2343 3264 8141 8909 10047 11198 13080
10 139 200 305 307 439 579 619 740 744 828 858 1054 1338 1369 1417 1458 1619 1714 1843 1974 2065 2114 2141 2294 2368 2388 2638 2951 2984 2995 3008 3099 3101 3137 3398 3477 3484 3517 3526 3678 3894 4056 4259 4631 4667 4673 4693 5067 5230 5252 5297 5327 5510 5726 5777 5984 6010 6011 6114 6142 6195 6387 6403 6426 6521 6547 6570 6621 6667 6797 6811 6847 6977 6983 7023 7026 7137 7178 7254 7377 7484 7520 7746 7797 7855 8070 8221 8330 8414 8432 8471 8674 8767 8790 8942 8986 8997 9224 9280 9515 9663 9798 9815 9853 9858 9883 10390 10582 10976 10998 11006 11178 11235 11335 11362 11375 11539 11751 11853 11963 11968 12060 12332 12341 12684 12699 12757 12762 12770 12855 13021 13076 13122 13224 13250 13367 13369 13405 13430
112 143 155 169 266 362 446 649 724 804 823 947 954 1003 1029 1195 1230 1315 1350 1353 1462 1472 1474 1503 1530 1572 1654 1771 1790 1825 2014 2069 2331 2425 2466 2523 2712 2787 2812 2832 2846 2905 2943 2965 2976 3088 3100 3322 3331 3492 3556 3605 3609 3710 3909 3933 3939 4089 4092 4201 4393 4535 4606 4629 4668 4721 4792 4973 5023 5318 5335 5360 5483 5509 5568 5796 5805 5821 5848 5861 5925 5975 6026 6057 6072 6090 6120 6156 6309 6334 6475 6509 6532 6650 6721 6805 6813 6894 6945 7217 7296 7309 7383 7467 7485 7557 7656 7725 7735 7751 7753 7931 8001 8009 8017 8018 8110 8128 8277 8287 8304 8484 8521 8539 8550 8565 8821 8919 9183 9218 9274 9315 9347 9440 9563 9605 9636 9673 9701 9760 9914 10043 10071 10162 10167 10191 10197 10378 10410 10512 10574 10650 10762 10794 10819 10975 11058 11117 11212 11226 11277 11299 11309 11554 11721 11839 11859 11878 11996 12046 12096 12100 12122 12371 12377 12518 12610 12708 12747 12805 12835 13049 13101 13112 13140 13213 13469 13475
244 514 847 1482 2168 3364 3508 3656 3869 4195 4254 4276 4351 4637 4677 5045 5531 5691 5947 6358 6819 7076 7468 7880 7989 8490 8856 8955 8995 10170 10331 10427 10443 11085 11330 11361 11696 12003 12506 12648 12940 13451
3253
10958
2601 5028
31 921 2802 3108 3268 5953 6694 7037 7701 7706 7923 9648 10514 11037 11520 12410 12528 12568 13118 13144 13410
11322
157 240 325 523 693 830 914 917 1001 1198 1207 1430 1501 1532 1561 1581 1601 1690 1700 1808 1935 2053 2121 2175 2200 2245 2316 2391 2579 2667 2853 2919 2937 3040 3075 3106 3149 3273 3305 3543 3632 3764 3782 3808 3844 3962 4097 4125 4166 4284 4374 4487 4507 4511 4656 4691 4788 4810 5027 5154 5156 5218 5276 5446 5592 5735 5885 6033 6109 6208 6367 6386 6420 6435 6468 6762 6780 6898 6923 6930 7015 7077 7144 7190 7662 7680 7740 7844 7911 8033 8240 8344 8807 9148 9185 9263 9374 9405 9813 9929 10024 10086 10234 10360 10826 10852 10870 11098 11304 11505 11558 11622 11698 11719 11748 12115 12317 12343 12349 12549 12599 12683 12726 12751 12852 12860 12876 12997 13256 13279 13454 13484
17 260 286 376 470 1203 1264 1314 1328 1578 1598 1607 1656 1742 1779 1880 2592 2646 2845 3109 3652 3892 4265 4468 4640 4762 4851 4891 5268 5492 5681 5876 6627 6638 7119 7568 7674 8290 8318 8504 8569 8653 8828 9190 9330 9455 9522 9620 9872 10345 10416 10434 10445 10455 10456 10547 10642 11025 11059 11560 12198 12292 12800 12828 12875 13291
5081 11175
192 456 561 1104 1220 1582 1653 1902 2149 2296 2347 2469 2558 2607 2610 2917 3065 3281 3283 3435 3726 3758 3873 3877 4266 4415 4557 4568 4726 5141 5182 5373 5645 5664 5867 6106 6223 6226 6682 6851 6878 7063 7331 7423 7849 7922 8098 8176 8561 8888 8892 8941 9309 9503 9787 9799 10571 10901 11009 11256 12018 12071 12689 12869 12984 13131 13396
167 248 462 539 585 608 783 891 895 989 1033 1098 1365 1387 1411 1423 1597 1627 1691 1692 1710 1739 1755 1759 1770 1869 1895 1905 1910 2049 2099 2153 2210 2354 2411 2462 2631 2633 2747 2927 2929 2973 3037 3121 3431 3514 3549 3574 3586 3714 3739 3838 3898 4023 4024 4365 4372 4386 4391 4407 4495 4779 5174 5315 5436 5479 5755 5758 5787 5982 6233 6410 6418 6425 6499 6529 6544 6588 6685 6785 6937 6971 7011 7231 7336 7921 7999 8126 8269 8612 8633 8801 8875 9036 9134 9155 9236 9294 9345 9356 9391 9396 9429 9450 9729 9805 9807 9851 9970 10210 10218 10374 10385 10387 10536 10567 10777 10798 10871 11036 11064 11129 11207 11437 11445 11448 11631 11646 11665 11668 11688 11708 11847 12024 12181 12185 12200 12222 12329 12639 12652 12732 12834 12883 13048 13097 13126 13185 13356 13427 13483
92 119 128 246 415 458 467 813 959 1261 1327 1414 1438 1580 1673 1744 1833 1988 1993 2039 2059 2107 2166 2190 2243 2262 2304 2351 2365 2410 2489 2650 2758 2770 2866 3022 3079 3207 3249 3312 3401 3521 3524 3614 3654 3883 3968 3978 3993 4030 4120 4252 4261 4281 4314 4330 4443 4593 4635 4674 4700 4836 4853 5161 5337 5379 5467 5555 5725 5769 5780 5785 5809 5904 5952 6071 6122 6169 6211 6828 6877 7006 7033 7040 7070 7157 7446 7594 7783 7806 7822 7902 7928 7942 7994 8169 8223 8253 8313 8511 8554 8666 8683 8684 8712 9015 9066 9324 9335 9397 9626 9783 9852 10049 10051 10147 10466 10496 10534 10593 10693 10781 10782 10844 10939 11023 11068 11077 11081 11167 11216 11291 11363 11431 11598 11633 11657 11993 12313 12487 12578 12806 12850 12975 13009 13071 13138 13152 13210 13219
5 24 34 81 164 208 227 255 383 484 627 628 669 774 780 786 815 820 881 906 924 1065 1151 1239 1349 1372 1500 1641 1646 1669 1675 1722 1775 1793 1794 2006 2047 2067 2241 2261 2581 2640 2686 2722 2911 2964 3007 3069 3077 3113 3197 3217 3257 3266 3295 3410 3491 3563 3569 3595 3600 3671 3686 3867 3935 4002 4018 4240 4460 4506 4647 4712 4724 4948 5024 5049 5165 5185 5289 5357 5389 5476 5562 5581 5595 5612 5732 5824 5901 5908 5970 5998 6076 6144 6296 6364 6385 6392 6451 6639 6683 6742 6763 6854 6879 6946 6954 7051 7237 7307 7350 7458 7649 7784 7882 7894 8048 8246 8357 8359 8374 8381 8387 8448 8453 8474 8513 8580 8641 8652 8727 8793 8845 8885 8987 9054 9118 9158 9253 9289 9318 9354 9372 9792 9825 10120 10161 10394 10461 10509 10628 10703 10745 10877 11005 11055 11066 11100 11142 11193 11258 11570 11572 11592 11661 11760 11872 11905 11914 11944 11970 12004 12089 12163 12244 12291 12357 12372 12387 12493 12499 12573 12626 12642 12650 12692 12695 12745 12825 12832 12908 13002 13094 13125 13174 13207 13318 13390
306 365 379 564 703 1319 1556 2165 2483 3298 3419 3613 3725 3918 3923 3990 4060 4747 4791 4894 6442 6513 6596 7665 8549 8924 9120 9122 9835 9896 10011 10704 11672 12049 12080 12993 13054
8 225 249 620 855 1009 1340 1590 1734 1846 1990 2255 2642 2668 2740 2789 2811 3356 3461 3495 3567 3853 4009 4318 4342 4439 4540 4630 4696 4735 4900 5044 5111 5186 5333 5414 5498 5619 5686 6020 6034 6235 6543 6618 6730 6994 7382 7601 7907 7915 8161 8378 8600 8738 8846 8859 8975 9154 9235 9265 9659 9698 9730 9754 9830 9912 10009 10232 10256 10364 10579 10963 11232 11443 11457 11509 11513 11888 12006 12133 12272 12465 12895 12938 13028 13202 13372
536 553 572 706 707 712 852 879 930 1051 1180 1257 1386 1389 1542 1662 1828 2115 2117 2148 2273 2286 2363 2396 2588 2611 2620 2700 2751 2918 3309 3371 3673 3812 3907 3950 4116 4277 4337 4344 4405 4864 4927 5205 5260 5298 5363 5577 5660 5711 5756 6051 6264 6288 6518 6572 6783 6917 7091 7222 7272 7372 7474 7606 7750 7929 8016 8114 8123 8245 8323 8360 8417 8486 8682 9090 9098 9181 9199 9223 9233 9365 9420 9453 9512 9562 9589 9625 9679 9796 9931 9936 10099 10214 10229 10490 10506 10577 10580 10746 10750 10853 10908 10914 11046 11238 11317 11378 11395 11420 11465 11568 11642 11677 11724 11759 11766 11778 11840 11850 11875 11890 11964 11980 12177 12219 12249 12276 12531 12570 12677 12746 12822 13086 13268 13299 13303 13325
156 205 234 326 360 371 408 589 611 630 642 664 686 810 894 1007 1114 1219 1281 1368 1439 1554 1618 1736 1745 1802 1852 1915 1964 2029 2306 2416 2421 2436 2510 2527 2782 2854 2972 3038 3116 3173 3178 3219 3328 3392 3406 3426 3459 3525 3547 3582 3929 3934 3959 4139 4163 4422 4542 4581 4783 4795 4846 4979 5223 5284 5291 5329 5344 5366 5647 5790 6101 6189 6216 6222 6263 6345 6476 6490 6502 6531 6653 6700 6712 6727 6957 7079 7101 7125 7197 7424 7503 7532 7541 7598 7627 7777 7793 7927 7941 8068 8155 8210 8266 8279 8516 8523 8667 8772 8864 8883 8913 8998 9048 9144 9206 9226 9260 9275 9286 9322 9419 9441 9488 9606 9647 9696 9719 9753 9861 9888 9911 9965 9983 10126 10134 10400 10451 10549 10620 10622 10632 10749 10755 10787 10818 10829 10849 10855 11119 11144 11578 11717 11809 11904 11927 11937 11989 12132 12241 12262 12268 12484 12735 12793 12853 12863 12873 13017 13102 13194 13306 13355 13388 13478
9865 11382 13014
124 149 152 247 357 490 542 863 902 904 977 1049 1175 1217 1335 1664 1727 1757 1903 1916 1975 2030 2113 2157 2186 2199 2259 2277 2427 2437 2774 2851 2955 2977 3028 3243 3389 3433 3527 3542 3550 3558 3647 3677 3697 3738 3803 3815 3848 3855 4068 4449 4466 4786 4955 5267 5281 5388 5438 5549 5638 5761 5961 6182 6202 6244 6277 6287 6308 6343 6421 6474 6508 6601 6687 6782 6835 6855 6906 7098 7218 7249 7297 7310 7399 7425 7514 7684 7771 7845 8196 8264 8428 8623 8626 8648 8678 8852 8853 8878 8937 8968 9069 9125 9151 9288 9482 9532 9627 9703 9849 9874 9903 9999 10040 10088 10106 10190 10207 10271 10409 10493 10503 10513 10600 10623 10654 10690 10740 10842 11075 11078 11101 11149 11214 11282 11308 11392 11436 11503 11629 11842 11926 11962 11994 12043 12104 12255 12304 12327 12365 12384 12560 12667 12859 12956 12995 13093
397 3512 3552 4740 5311 7131 7245 8212 8989 9216 10558 11220 11270 12382
6298
16 117 237 412 489 604 676 682 732 833 885 897 963 1005 1061 1148 1383 1609 1658 1888 1941 1966 1979 2001 2012 2341 2342 2348 2382 2456 2724 2750 2792 2795 3289 3476 3701 3781 3813 3830 3905 3942 4012 4057 4275 4313 4444 4600 4645 4678 4887 4969 4987 5032 5079 5133 5134 5172 5265 5516 5649 5760 5899 6162 6201 6224 6256 6275 6447 6804 6825 7025 7175 7199 7316 7338 7357 7400 7452 7476 7630 8076 8095 8118 8232 8294 8369 8377 8455 8473 8571 8624 8750 8795 9064 9278 9298 9359 9593 9608 9624 9784 9972 9994 10092 10093 10139 10206 10272 10295 10367 10459 10521 10591 10775 11095 11183 11366 11370 11390 11463 11589 11734 11851 11903 11965 11971 12031 12175 12213 12358 12415 12426 12643 12897 12948 13006 13223 13382 13467
1097 1318 1400 2066 2274 2463 2502 3185 3598 4396 5163 6633 7565 7743 8179 8927 9211 9339 9869 9955 11452 11848 13226
10313
942 1162 2521 5148 13212
85 121 130 258 386 414 441 450 465 493 520 565 640 690 715 765 845 860 1121 1196 1248 1292 1316 1493 1605 1889 1976 1992 2084 2128 2138 2300 2374 2485 2490 2514 2582 2623 2743 2843 2874 2939 2963 3120 3337 3360 3383 3434 3490 3621 3683 3810 3828 3940 3948 4003 4005 4014 4203 4258 4328 4356 4764 4784 4787 4915 4962 4988 5222 5273 5359 5557 5563 5624 5739 5856 5910 5935 5948 6031 6118 6149 6238 6246 6283 6340 6347 6357 6376 6424 6433 6470 6510 6571 6740 6759 6778 6993 7007 7160 7211 7422 7470 7488 7534 7621 7809 7978 8111 8119 8159 8177 8418 8526 8544 8578 8627 8707 8870 8921 8964 9287 9313 9447 9456 9489 9494 9658 9741 9844 9864 9871 10002 10428 10477 10637 10732 10861 10899 11026 11057 11135 11139 11185 11218 11303 11417 11456 11458 11528 11529 11530 11552 11683 11723 11729 11740 11761 11929 12092 12139 12184 12201 12296 12379 12389 12472 12492 12507 12521 12601 12664 12680 12763 12870 13075 13115 13251 13311 13326 13389 13422 13446
108 120 132 174 257 281 285 403 473 573 666 684 688 701 739 1032 1070 1132 1167 1259 1380 1518 1563 1661 1698 1785 1901 1953 1973 2007 2031 2129 2182 2221 2237 2322 2395 2400 2420 2546 2624 2634 2655 2720 2805 2839 2949 3017 3033 3093 3118 3161 3174 3183 3258 3454 3493 3518 3532 3708 3875 3947 4016 4317 4417 4478 4530 4632 4744 4811 4814 4838 4897 4993 5110 5187 5303 5336 5358 5450 5461 5499 5560 5679 5762 5815 5849 5902 5939 5974 6186 6213 6248 6290 6330 6366 6379 6438 6443 6487 6535 6548 6594 6637 6651 6679 6757 6841 6932 7047 7327 7339 7501 7579 7610 7945 7979 7986 7995 8008 8226 8241 8762 8889 8982 9059 9060 9111 9210 9219 9306 9408 9579 9653 9733 9794 9898 9981 10089 10176 10187 10205 10401 10793 10972 11112 11209 11357 11532 11573 11620 11694 11757 11765 11818 11819 11866 11898 11902 11960 12085 12216 12230 12370 12391 12517 12548 12622 12681 12766 12767 12790 12801 12867 13000 13214 13252 13262 13304 13432
396 1296 2037 2701 2768 3146 3885 4032 4379 4960 5410 5609 6157 6820 7183 7342 8167 8198 8229 8481 8798 8867 9546 9574 9829 10130 10432 10528 11659 12069
581 827 1091 1413 1498 1573 1873 2355 3703 4279 4690 5500 5594 6088 6181 6292 6670 6676 6903 6915 7154 7304 7833 7938 9184 9595 10203 10837 10987 11527 11940 12032 12597 12838 12864 12872 13261 13408
150 312 411 660 825 983 1012 1105 1129 1171 1237 1245 1320 1362 1560 1626 1637 1760 2023 2086 2155 2160 2267 2381 2446 2618 2745 2757 2888 2959 2985 3029 3187 3319 3421 3458 3496 3623 3640 3650 3688 3740 3835 3886 4103 4126 4367 4652 4653 4741 4761 4910 5206 5214 5224 5238 5331 5452 5532 5797 5883 5986 6006 6121 6252 6285 6402 6664 6668 6696 6711 6834 6940 6943 6967 7164 7195 7376 7402 7414 7462 7540 7553 7847 8341 8444 8498 8699 8933 9035 9202 9220 9261 9271 9314 9473 9560 9617 9619 9632 9660 9669 9706 9734 9782 9797 9953 9989 10034 10066 10173 10268 10442 10463 10480 10533 10559 10812 10851 10879 11032 11108 11162 11173 11181 11281 11298 11343 11411 11492 11516 11682 11785 12137 12168 12519 12520 12890 12945 13016 13208 13243 13330 13346 13363 13457
10608 13100
15 22 23 58 63 100 127 133 170 345 350 400 438 466 492 548 635 641 679 705 726 789 844 857 990 1067 1089 1139 1163 1173 1179 1199 1262 1392 1436 1630 1640 1649 1697 1725 1877 1909 1929 2250 2328 2481 2564 2576 2580 2664 2730 2848 2895 2931 3105 3148 3224 3285 3294 3354 3510 3534 3737 3783 3790 3904 3952 3984 4098 4171 4182 4272 4282 4288 4291 4312 4315 4333 4390 4397 4471 4492 4657 4768 4831 4893 4981 5004 5050 5135 5184 5219 5233 5399 5400 5415 5424 5535 5540 5644 5663 5687 5706 5822 5937 5944 5965 6102 6319 6362 6378 6380 6459 6460 6480 6564 6582 6706 6724 6927 7004 7192 7214 7359 7370 7404 7409 7411 7631 7645 7681 7733 7878 7912 8054 8138 8170 8203 8288 8322 8343 8425 8542 8606 8642 8778 9150 9167 9230 9336 9371 9382 9436 9448 9460 9516 9536 9629 9633 9756 9836 10012 10048 10059 10131 10144 10159 10178 10185 10237 10298 10454 10617 10662 10671 10708 10724 10741 10756 10874 10928 10933 10961 11021 11082 11219 11327 11350 11368 11432 11485 11504 11579 11730 11742 11837 11997 12033 12105 12259 12286 12300 12351 12359 12394 12396 12407 12411 12413 12430 12458 12485 12495 12513 12614 12646 12777 12807 12885 12891 12916 12921 13008 13032 13146 13184 13257 13266 13294 13343 13374 13424
137 162 283 544 559 632 700 807 986 1004 1087 1140 1384 1523 1551 1672 1712 1777 1798 1853 1898 2046 2057 2062 2110 2389 2480 3000 3131 3318 3347 3580 3657 3774 4179 4230 4297 4508 4607 4676 5012 5058 5194 5198 5304 5386 5680 6209 6218 6232 6314 6332 6350 6356 6370 6494 6580 6598 6666 6870 6886 6896 6995 7352 7430 7581 7738 7803 8005 8015 8200 8496 8634 8691 8935 9018 9088 9351 9507 9736 9776 9937 9941 9945 10195 10310 10368 10754 10944 10948 11035 11088 11342 11354 11396 11531 11865 12473 12576 12771
819 1053 1278 2163 3158 4794 5837 5958 6708 6904 7556 7710 8740 9379 10250 10339 12432 13137
375 869 892 896 1256 1312 1329 1505 1926 2360 2443 2472 2488 2577 2636 2659 2669 2693 2842 3078 3333 3408 3735 3773 3834 3843 3964 4219 4428 4523 4528 4598 4615 4636 4659 4707 4733 4739 4758 4765 4819 4852 4908 5011 5095 5545 5600 5740 5748 5782 5802 6022 6103 6276 6318 6563 6585 6661 6699 6713 6823 6968 7050 7173 7282 7286 7387 7506 7529 7589 7613 7904 8004 8074 8150 8162 8238 8367 8445 8538 8677 8773 8794 8810 8833 8896 9107 9353 9461 9467 9481 9583 9690 9718 9793 10056 10125 10175 10179 10423 10525 10570 10586 10710 10763 10808 10828 10950 11127 11196 11442 11833 11924 12147 12243 12369 12423 12442 12455 12491 12633 12791 12896 13091 13110 13269 13301 13398
79 103 140 238 528 578 592 912 1047 1060 1134 1226 1334 1401 1483 1512 1529 1531 1568 1585 1615 1620 1955 1961 2076 2109 2197 2254 2326 2390 2405 2442 2533 2559 2622 2681 2708 2887 3053 3114 3142 3154 3162 3202 3336 3450 3507 3590 3593 3611 3622 3717 3766 3768 3897 3908 3973 4061 4106 4209 4385 4454 4472 4518 4524 4617 4688 4719 4796 4882 4884 4912 4926 4941 5069 5108 5237 5317 5420 5468 5508 5553 5576 5587 5753 5778 5808 5835 5858 5909 6047 6159 6163 6194 6249 6311 6341 6656 6702 6919 6960 6986 7097 7139 7161 7179 7478 7486 7702 7748 7901 8044 8193 8195 8216 8317 8501 8540 8588 8591 8598 8636 8676 8719 8760 8834 8926 9016 9045 9140 9159 9272 9389 9415 9437 9501 9525 9598 9613 9758 9906 9919 9962 10025 10194 10198 10309 10573 10607 10631 10827 11093 11114 11126 11152 11177 11351 11360 11379 11536 11581 11846 11947 12013 12039 12042 12125 12277 12280 12281 12319 12320 12486 12565 12627 12661 12703 12714 12749 12922 12966 13082 13088 13156 13254
708 1621 2687 2903 3279 3303 3479 3927 5983 6393 6467 6809 6822 7479 7737 7788 7954 8019 8066 8254 8555 8868 9121 9463 9535 9894 10142 10639 11288 11824 11895 12102 12288 12725 13220 13331
717 731 948 1146 1874 2654 2784 3272 3730 4866 5597 5693 5720 5770 5930 6505 6512 6641 6914 7185 7248 7834 7973 8289 9229 9434 9490 9644 9747 9958 10010 10020 10791 11056 11246 11611 11614 11660 12050 12188 12569 12718 12848 13199
557 1645 2054 2540 2892 4133 4316 4322 4921 5247 6599 6833 7320 8204 8284 8321 8424 9237 10100 10448 10729 10761 11295 11885 12488 12722 12889 13135 13168
9880 10081
84 503 587 992 3880 4433 5466 6049 6449 6707 6856 6953 6979 7682 8372 8467 8637 9334 12336 12983 13025 13139
114 175 366 683 753 867 1161 1508 1758 2000 2151 2240 3661 4124 4525 4942 5255 5434 5768 6272 6573 6744 6944 7168 7417 7576 7869 8439 8775 8956 9402 9433 9518 9801 9840 10407 10683 10924 11695 12204 12686 13055
6848
10768
70 168 173 186 498 526 537 558 661 699 841 889 984 1016 1150 1166 1206 1391 1404 1511 1527 1537 1569 1644 1680 1940 1970 2228 2346 2369 2401 2612 2777 2783 2799 2820 2988 2989 3135 3138 3147 3168 3315 3385 3405 3412 3418 3513 3573 3679 3743 3762 3806 3862 4110 4241 4395 4578 4772 4890 4911 4967 4998 5096 5106 5114 5115 5146 5155 5225 5279 5294 5350 5402 5447 5584 5654 5697 5707 5775 5933 5966 6054 6205 6214 6260 6360 6471 6495 6524 6536 6604 6680 6719 6728 6732 6905 7028 7108 7116 7205 7306 7332 7408 7472 7489 7491 7504 7690 7704 7708 7817 7877 7914 7935 8026 8244 8273 8346 8465 8483 8503 8517 8525 8744 8849 8908 8951 8992 9071 9082 9084 9177 9349 9362 9383 9410 9526 9621 9677 9685 9755 9818 9933 9950 9964 9968 10123 10136 10177 10225 10333 10397 10421 10462 10471 10697 10991 11080 11084 11097 11140 11274 11301 11356 11468 11470 11484 11506 11576 11613 11686 11715 11838 11843 11864 11920 11984 12007 12063 12111 12123 12169 12170 12226 12235 12250 12360 12434 12449 12461 12529 12637 12727 12785 12810 12998 13109 13130 13155 13265 13333 13352 13359 13412 13462
474 1379 1520 1632 1749 1800 1923 2131 2653 2940 3043 3977 4156 4431 4491 4856 4975 5071 5448 5463 6258 6446 6644 6863 6880 7052 7111 7741 8099 8201 8419 8610 8808 8934 8971 9000 9157 9191 9284 10475 10839 12501 12788 12789 13241 13286
3795 5226 8293 9866 10279 11345
2780 4627 7392 11016
202 223 337 338 442 534 615 650 721 814 878 880 1216 1267 1352 1422 1608 1709 1908 2074 2234 2238 2362 2453 2470 2645 2697 2825 2878 3042 3081 3204 3239 3241 3277 3338 3440 3499 3502 3706 3949 4064 4066 4073 4086 4221 4247 4274 4369 4432 4531 4843 4989 5005 5035 5212 5243 5253 5345 5362 5431 5454 5550 5689 5737 5887 5995 6012 6483 6519 6590 6609 6625 6645 6717 6756 6779 7087 7099 7261 7276 7415 7473 7519 7547 7597 7611 7678 7874 7876 7885 7889 7895 7980 8069 8072 8102 8113 8211 8231 8263 8265 8326 8334 8349 8485 8488 8524 8739 8776 8860 8952 9105 9156 9207 9411 9548 9683 9708 9723 9727 9891 10041 10132 10160 10263 10344 10381 10441 10488 10658 10665 10790 10866 10968 11172 11229 11248 11290 11337 11358 11626 11656 11701 11854 11868 11877 11986 12019 12054 12076 12199 12247 12308 12460 12468 12502 12563 12635 12865 12946 13003 13013 13051 13078 13096 13103 13148 13357 13470
1704 2298 2474 5773
11 51 88 185 289 314 335 369 419 494 591 644 769 805 806 816 821 940 950 1042 1116 1276 1415 1440 1459 1769 1781 1787 1870 1897 2024 2089 2292 2433 2561 2591 2690 2719 2869 2913 3115 3240 3246 3329 3343 3359 3396 3548 3780 3846 3868 4105 4164 4170 4192 4197 4499 4686 4835 4839 4862 5061 5147 5258 5290 5374 5405 5409 5533 5614 5634 5659 5692 5710 5764 5978 6018 6028 6055 6456 6551 6606 6648 6692 6812 6821 6910 6925 6970 7072 7102 7174 7203 7421 7490 7574 7713 7825 7871 7909 8052 8250 8259 8489 8507 8519 8774 8802 8823 8929 9074 9128 9139 9208 9212 9239 9268 9281 9329 9380 9407 9421 9531 9623 9752 9845 10045 10128 10215 10489 10566 10588 10643 10649 10668 10686 10688 10730 10780 10788 10809 10814 10900 10934 11099 11186 11217 11237 11318 11377 11435 11587 11619 11640 11735 11874 11891 11943 12210 12258 12287 12333 12367 12620 12750 12786 12868 12918 12928 12971 13039 13253 13276 13431
998 2125 2682 2710 2755 3794 3983 4963 5314 5593 5703 5967 6507 7544 7873 8023 9594 10172 10226 10258 10904 11906 12964 13092 13317 13370
6 336 771 837 842 899 928 929 938 1022 1209 1488 1693 1886 2035 2184 2244 2349 2471 2519 2541 2560 2590 2613 2663 2796 2910 2966 3466 3651 3670 3715 3856 3882 3982 4031 4071 4134 4177 4482 4576 4662 5103 5176 5246 5250 5292 5349 5352 5370 5403 5455 5489 5572 5646 5794 5823 5864 6070 6150 6413 6415 6441 6481 6496 6589 6635 6875 6891 7049 7113 7228 7230 7394 7433 7596 7636 7966 7983 8091 8261 8333 8427 8492 9047 9052 9113 9293 9325 9385 9493 9541 9552 9618 9778 10028 10036 10369 10440 10553 10613 11296 11336 11421 11507 11612 11680 11703 11931 12021 12119 12315 12352 12618 12802 12841 12887 12924 13161 13221 13437
5312
1308 6363 9026 9530 9547
18 21 228 273 293 478 487 634 654 939 952 1043 1147 1202 1208 1225 1279 1351 1536 1545 1614 1616 1743 1764 1866 1878 1946 2016 2136 2164 2233 2279 2364 2452 2516 2539 2658 2679 2695 2788 2829 2883 3066 3176 3206 3238 3374 3428 3451 3455 3480 3483 3645 3675 3811 3823 3849 3954 3967 3975 3991 4099 4175 4364 4381 4452 4461 4467 4470 4477 4501 4565 4713 4754 4760 4769 4804 4922 4953 5026 5047 5059 5473 5591 5605 5650 5651 5652 5671 5724 5736 5743 5744 5832 5898 5928 6019 6044 6132 6271 6293 6310 6377 6382 6530 6533 6737 6771 6872 6984 7121 7274 7347 7380 7385 7465 7497 7546 7604 7633 7675 7718 7778 7808 7851 7865 7917 7920 8024 8038 8191 8291 8306 8325 8351 8388 8466 8500 8611 8658 8671 8766 8970 8979 9057 9136 9182 9200 9466 9573 9656 9665 9878 9946 9947 9978 9992 10121 10140 10386 10404 10420 10535 10565 10624 10659 10760 10784 10797 10824 11001 11050 11051 11163 11268 11283 11397 11518 11650 11758 11835 11899 11901 11907 11910 12044 12048 12158 12448 12509 12543 12583 12672 12702 12748 12759 12783 12925 13111 13200 13314 13465
303 323 436 448 1108 1110 1177 1240 1367 1390 1408 1486 1516 1535 1772 1826 2291 2552 2563 2717 2807 2817 3156 4040 4244 4285 4493 4559 4715 4968 5162 5325 5877 6062 6080 6137 6234 6768 6826 6844 6935 6939 7067 7080 7328 7578 7669 7673 7815 7987 8014 8112 8131 8548 8587 8603 8608 8617 8629 8784 8857 8873 8911 8936 9028 9094 9258 9635 9646 9655 9700 9765 9862 10348 10633 10647 10736 10989 11161 12093 12440 12608 12803 12820 13196 13203 13218 13273 13392
82 123 158 259 301 364 378 395 499 549 598 609 653 662 695 797 824 951 978 1045 1101 1393 1602 1657 1683 1705 1819 1875 1896 1986 2080 2120 2696 2702 2763 2786 2925 2990 3041 3177 3201 3214 3244 3407 3478 3485 3597 3696 3793 3805 3824 3971 3996 4117 4210 4335 4411 4497 4526 4604 4633 4832 4995 5002 5227 5257 5263 5305 5348 5437 5519 5625 5704 5767 5792 5811 5826 5833 5873 5926 6092 6247 6301 6383 6395 6397 6504 6554 6560 6566 6715 6794 6830 6969 7000 7031 7039 7062 7132 7269 7318 7378 7436 7530 7698 7866 8047 8056 8067 8071 8199 8370 8403 8480 8509 8643 8700 8814 8854 8930 8950 9067 9338 9344 9370 9479 9975 9991 10033 10135 10143 10259 10479 10516 10625 10820 10911 10930 11063 11065 11136 11224 11294 11410 11551 11921 11981 12008 12160 12195 12350 12364 12704 12809 12821 12955 12959 13019 13154 13332
6885
33 269 455 507 515 629 1232 1285 1311 1469 2079 2247 2779 3182 4306 4483 4742 5089 5208 5249 5640 6608 6787 7027 7651 8379 8891 9240 9295 9469 9781 9984 10328 10352 10635 10685 11115 11400 11546 12941 13169 13242 13391
956 1674 2509 3944 4694 7120 7454 7513 7670 8723 10032 10645 11067
7093 12283
151 204 214 222 263 351 417 433 614 764 788 812 968 1154 1204 1286 1395 1517 1552 1702 1820 1933 1944 2019 2032 2159 2195 2211 2276 2295 2352 2367 2585 2660 2673 2677 2694 2721 2738 2800 3129 3136 3228 3271 3311 3317 3350 3522 3617 3636 3818 3850 3976 4025 4144 4145 4187 4421 4544 4579 4590 4745 4991 5137 5505 5523 5590 5615 5661 5738 5834 5955 5960 6158 6203 6282 6526 6704 6718 6755 6784 6796 6908 7166 7184 7305 7319 7326 7366 7572 7679 7857 7886 8257 8476 8534 8768 8770 8812 9081 9102 9110 9337 9352 9360 9543 9557 9601 9670 9682 9749 9788 9803 9876 9889 9893 9985 9997 10026 10039 10151 10157 10192 10216 10319 10363 10371 10429 10519 10581 10606 10629 10687 10773 10800 10868 10897 10951 10969 10978 10990 11004 11123 11132 11239 11240 11498 11582 11712 11815 11870 11948 12091 12403 12475 12752 12772 12792 12947 13247 13313 13418
10078
30 8528
6657
54 75 268 275 292 302 477 760 864 900 934 980 1077 1159 1189 1210 1227 1567 2009 2042 2146 2194 2280 2430 2508 2531 2600 2815 2857 2863 2894 2932 3063 3200 3344 3353 3509 3577 3594 3641 3836 3876 3899 3900 4039 4114 4165 4202 4292 4485 4494 4601 4732 4756 4790 4868 4972 4990 5009 5308 5413 5525 5559 5798 5929 5959 5973 5987 6196 6237 6307 6558 6611 6982 7138 7191 7371 7481 7511 7638 7688 7721 7760 7780 7848 7897 7899 8012 8028 8060 8168 8278 8339 8385 8391 8457 8491 8563 8796 8800 8819 8826 8843 9166 9194 9203 9259 9262 9343 9446 9527 9569 9590 9657 9715 9726 9900 10050 10054 10129 10148 10149 10211 10253 10414 10439 10751 10832 10916 11074 11221 11255 11263 11332 11353 11380 11402 11406 11549 11599 11764 11908 11938 11969 12059 12135 12248 12270 12328 12339 12362 12463 12587 12591 12736 12846 12960 13063 13237 13371 13415 13428 13445
9 14 57 160 372 388 389 430 464 501 511 546 663 742 749 802 851 1079 1194 1200 1346 1449 1457 1510 1550 1606 1639 1650 1701 1918 1942 1985 2078 2092 2179 2212 2260 2263 2302 2335 2359 2393 2439 2458 2616 2661 2725 2749 2833 2859 2980 3001 3011 3021 3236 3304 3372 3403 3464 3475 3533 3601 3629 3731 3744 3910 3958 3966 4010 4019 4050 4070 4108 4243 4271 4355 4475 4533 4577 4624 4750 4774 4818 4842 4914 4978 4982 5102 5160 5175 5239 5361 5369 5456 5460 5493 5495 5506 5657 5676 5781 5791 5804 5827 5869 5941 6001 6008 6017 6081 6105 6177 6193 6229 6240 6286 6335 6368 6411 6473 6642 6791 6832 6883 6931 7048 7056 7065 7155 7165 7194 7215 7312 7321 7324 7403 7447 7502 7543 7550 7590 7716 7794 7875 7992 8082 8085 8247 8398 8422 8442 8458 8595 8644 8655 8660 8708 8809 8918 8999 9192 9327 9459 9462 9517 9602 9662 9695 9738 9750 9873 9890 10076 10189 10251 10365 10422 10502 10510 10511 10527 10539 10630 10652 10757 10843 10845 10957 11062 11145 11171 11418 11422 11545 11597 11630 11634 11655 11702 11731 11782 11784 12038 12073 12086 12150 12159 12322 12385 12505 12600 12613 12625 12682 12972 12976 13067 13069 13077 13116 13166 13182 13216 13258 13315 13339 13378 13395
116 153 428 738 936 1513 1543 1558 1733 1894 1925 1971 2005 2196 2500 2507 2549 2868 3222 3263 3335 3689 3891 4063 4104 4115 4208 4295 4301 4459 4512 4622 4869 5086 5094 5159 5342 5378 5653 5665 5719 5868 5949 5979 6269 6522 6626 6646 6669 6990 7010 7046 7095 7285 7390 7457 7671 7900 8129 8233 8258 8301 8590 8650 8725 8771 8903 9012 9022 9065 9308 9545 9687 10030 10163 10243 10324 10413 10670 11174 11312 11444 11490 11649 11786 11798 12174 12433 12497 12612 12728 13050 13188 13285 13329 13334 13472
2 265 613 972 1489 1507 1957 2152 2293 2793 3728 4447 4755 5648 5841 5896 6267 6749 6750 7348 7618 8434 8665 9393 10338 10626 11423 11623 12061 12203 12467 12707
339 551 1056 1358 2222 2434 2970 3831 4107 4194 4513 4743 6302 6938 6972 7668 8701 9215 9430 9925 10117 11604 12330 12400 13033
13 64 66 106 131 235 254 327 410 463 517 556 656 665 671 687 698 988 1135 1183 1243 1254 1477 1544 1583 1594 1748 1782 1839 1851 1963 2040 2091 2201 2532 2626 2771 2961 2986 3034 3056 3308 3357 3390 3819 3928 3931 4076 4135 4263 4325 4574 4610 4664 4725 4876 5128 5202 5355 5457 5465 5844 5897 6029 6053 6099 6123 6173 6325 6353 6408 6465 6484 6673 7042 7043 7104 7196 7255 7288 7499 7554 7558 7654 7726 7759 7802 7890 7968 8275 8314 8345 8478 8566 8616 8681 8720 8753 8895 8946 8953 9089 9169 9178 9232 9269 9342 9471 9540 9827 9833 9841 9990 10108 10330 10438 10556 10612 10714 10878 11089 11146 11245 11250 11325 11376 11488 11704 11992 12017 12027 12106 12136 12141 12439 12641 12651 12739 12817 12836 12920 12982 13119 13222 13227
1356 2097 3957 4592 8174 9616 9638 9724 11755 12526 12900
197 398 416 435 600 617 674 722 883 946 1233 1307 1444 1599 1634 1806 1871 1881 2083 2213 2435 2573 2698 2703 2715 3117 3188 3280 3341 3460 3511 3565 3625 3732 3825 4206 4237 4300 4309 4527 4580 4859 5077 5112 5301 5376 5575 5911 6060 6221 6339 6417 6462 6751 6918 6924 7448 7496 7773 7779 7975 8115 8144 8282 8423 8609 8692 8785 8861 8882 9250 9303 9432 9454 9487 9554 9641 10044 10813 10857 11053 11401 11471 11481 11501 12206 12558 12662 12808 13231 13354 13459 13471
5231
1816 3756 4249 4775 4802 5022 5132 5963 7298 7510 8157 9444 9748 10366 10720 12183 12187 12719
67 96 264 270 331 424 445 597 618 772 777 836 937 981 1036 1078 1426 1452 1624 1823 1885 1911 1983 2185 2325 2478 2494 2526 2548 2550 2630 2791 2835 3045 3073 3127 3165 3215 3465 3630 3750 3888 4001 4227 4430 4488 4638 4643 4801 4849 4860 4906 4924 4947 4999 5051 5099 5105 5153 5242 5384 5484 5567 5578 5667 5765 5774 5803 5879 5999 6131 6161 6416 6472 6517 6614 6652 6672 6770 6781 6831 6890 6922 7150 7232 7271 7302 7346 7419 7539 7642 7862 7958 8063 8088 8190 8329 8356 8601 8615 8632 8656 8687 8735 8780 8904 8931 9002 9092 9153 9198 9355 9564 9577 9746 9826 9938 10007 10014 10079 10242 10260 10287 10316 10356 10405 10452 10487 10550 10563 10702 10748 10772 10833 10881 10937 10952 10982 10988 11002 11271 11275 11547 11590 11600 11771 11800 11923 11991 12002 12145 12191 12196 12698 12985 13081 13114 13187 13206 13260 13278 13287 13381 13420 13440
985 3761
87 105 508 575 658 680 685 770 787 803 839 854 882 915 994 1125 1138 1152 1228 1244 1251 1273 1301 1336 1357 1441 1470 1524 1577 1591 1629 1676 1687 1735 1778 1864 1936 1968 1977 2036 2139 2143 2178 2183 2281 2284 2324 2403 2404 2524 2596 2629 2644 2709 3024 3046 3057 3103 3229 3365 3422 3432 3692 4047 4052 4053 4081 4127 4320 4329 4382 4384 4484 4546 4658 4699 4720 5169 5309 5323 5356 5430 5480 5620 5631 5674 5727 5799 5812 5825 5866 5918 6027 6067 6166 6204 6257 6315 6329 6400 6478 6485 6631 6761 6800 6861 6866 6881 7005 7068 7081 7181 7182 7308 7443 7469 7482 7492 7730 7736 7812 8213 8267 8400 8631 8668 8737 8788 8871 9021 9039 9040 9046 9363 9414 9423 9751 9762 9839 9870 9901 9904 10021 10165 10245 10300 10318 10327 10656 10728 10923 10960 11015 11029 11131 11215 11260 11644 11690 11699 11743 11744 11749 11753 11915 12051 12066 12095 12294 12321 12326 12353 12483 12590 12787 12844 12951 13452
125 241 343 486 567 745 762 1111 1157 1185 1277 1313 1409 1435 1659 1686 1805 1879 1922 1982 2052 2081 2082 2132 2207 2224 2272 2345 2377 2408 2482 2598 2604 2608 2643 2676 2798 3012 3036 3076 3467 3488 3535 3540 3551 3648 3653 3788 3879 3895 3989 4000 4006 4149 4155 4186 4220 4231 4310 4398 4414 4709 4817 4877 4889 4997 5390 5469 5482 5772 5853 5890 5993 6079 6151 6187 6197 6326 6436 6444 6463 6527 6562 6677 6690 6746 6793 6801 6838 6853 7110 7127 7229 7432 7527 7694 7719 7761 7843 8000 8207 8230 8237 8303 8347 8436 8661 8813 9213 9321 9367 9417 9480 9672 9721 9731 9804 9810 9934 9960 9993 10322 10379 10486 10634 10672 10713 10735 10822 10869 10935 10943 11027 11176 11241 11338 11339 11359 11487 11792 11816 11823 11913 11932 12000 12009 12016 12026 12082 12144 12193 12398 12489 12755 12778 12831 12901 12911 13018 13040 13065 13127 13190 13292 13375 13413 13450
4822
2819 5912 9882 12943
11438
2230 5046 5829 7330 8985
35 313 582 1241 1263 1633 2103 2217 2339 2373 2529 2759 2821 3160 3523 3646 3723 4051 4514 4680 5010 5256 5627 6016 7200 7201 7535 7686 7774 7785 8307 8673 9161 9565 9615 10146 10303 10373 11426 11512 11685 11763 11769 12087 12356 13010
93 709 737 1229 1260 1451 1746 1810 2253 2312 2670 2797 2956 3144 3196 3587 4013 4293 4377 4473 4519 4899 5119 5200 5401 5968 6640 6643 6681 6688 7289 7483 7658 7903 7957 8046 8121 8842 8928 8948 9510 10102 11169 11249 11323 11956 12165 12240 12527 12566 12592 12716 12740 12881 13147 13162 13180 13225 13364
42 129 195 226 348 923 987 1266 1302 1978 2025 2070 2688 2850 3048 3110 3181 3376 3497 3531 3631 3642 3742 3759 3893 3921 4296 4766 5179 5195 5365 5635 5673 5940 6152 6171 6306 6537 6549 6559 6739 6869 6941 6974 7002 7096 7508 7752 8188 8285 8365 8596 9070 9176 9412 9887 10669 11259 11386 11636 11812 11919 11922 12103 12143 12305 12334 12409 12456 12536 12840 12880 12942 13047 13090 13205 13245 13380
2840
46 78 232 262 298 374 437 476 655 696 711 730 754 848 919 960 1119 1431 1708 1723 1756 1763 1943 1959 1962 1965 2008 2034 2085 2162 2180 2358 2457 2459 2460 2473 2557 2657 2675 2692 2764 2844 2900 3047 3126 3260 3375 3443 3634 3716 3763 3787 3804 3903 3979 4029 4074 4101 4153 4232 4245 4270 4416 4520 4534 4561 4573 4681 4685 4717 4903 4976 5113 5232 5539 5544 5558 5713 5788 5846 5871 5938 6061 6075 6077 6100 6126 6419 6503 6684 6695 6723 6734 6774 6776 6790 6840 7017 7044 7283 7292 7349 7518 7537 7595 7609 7628 7703 7709 7791 7932 7974 8029 8057 8217 8227 8296 8298 8320 8376 8393 8407 8545 8547 8635 8694 8722 8734 8747 8749 8787 8981 9011 9031 9055 9079 9097 9135 9164 9165 9179 9304 9319 9390 9403 9427 9568 9580 9637 9725 10046 10094 10105 10231 10294 10317 10398 10402 10468 10476 10481 10497 10552 10641 10742 10744 10898 10929 10940 10973 11042 11086 11134 11155 11306 11310 11387 11412 11477 11584 11654 11805 11826 11832 11861 11950 12028 12227 12267 12295 12399 12533 12640 12693 12795 12857 12904 12962 13024 13107 13117 13189 13335 13336 13461
49 136 141 161 287 321 344 460 580 605 631 638 659 874 941 962 1082 1088 1092 1100 1128 1131 1181 1205 1235 1290 1366 1382 1421 1460 1519 1766 1789 1795 1849 1876 1989 2060 2130 2135 2249 2361 2451 2468 2491 2530 2538 2628 2699 2823 2947 2953 3133 3150 3193 3233 3307 3358 3400 3423 3449 3472 3539 3628 3668 3718 3719 3733 3753 3865 3870 3874 4022 4065 4079 4112 4141 4160 4168 4223 4294 4387 4556 4628 4641 4684 4692 4698 4807 4919 4965 4974 5014 5052 5074 5326 5334 5406 5478 5538 5548 5554 5589 5610 5622 5786 5820 6215 6406 6489 6577 6603 6636 6675 6722 6736 6843 6860 6992 7106 7126 7142 7189 7216 7290 7314 7388 7410 7453 7659 7800 7943 7960 7991 8037 8182 8205 8243 8251 8363 8384 8420 8505 8533 8546 8572 8576 8586 8622 8638 8646 8649 8803 8837 8866 8894 8939 9061 9096 9099 9189 9209 9225 9277 9502 9506 9539 9650 9664 9684 9712 9767 9886 9940 9976 10015 10067 10096 10112 10282 10334 10399 10424 10499 10531 10572 10589 10599 10609 10678 10725 10752 10764 10776 10792 10810 10836 10859 10862 10913 10922 10925 10938 11013 11043 11120 11143 11300 11329 11404 11419 11459 11474 11493 11497 11537 11583 11675 11684 11710 11725 11750 11774 11810 11917 12023 12030 12094 12130 12142 12161 12171 12207 12221 12251 12373 12428 12530 12595 12616 12671 12691 12694 12813 12837 12842 12913 12926 12970 13197
1099
7 146 346 423 425 505 625 681 750 822 829 927 969 1013 1142 1164 1213 1317 1478 1484 1490 1525 1663 1684 1718 1753 1797 1904 1917 2203 2334 2407 2447 2455 2475 2545 2553 2556 2602 2706 2744 2776 2813 2861 2893 2906 2948 2960 2962 3153 3237 3286 3293 3368 3378 3409 3441 3448 3519 3568 3627 3643 3691 3760 3902 4041 4044 4078 4121 4334 4341 4348 4349 4429 4587 4663 4738 4759 4834 4886 4985 5006 5040 5087 5127 5204 5213 5285 5339 5566 5585 5915 6005 6023 6093 6104 6274 6294 6371 6461 6610 6613 6837 6845 6868 7140 7280 7343 7381 7397 7427 7441 7451 7548 7562 7691 7695 7744 7769 7781 7839 7872 7948 7953 8030 8035 8050 8053 8064 8156 8175 8305 8426 8451 8553 8568 8711 8730 8835 8914 9152 9248 9529 9534 9732 9942 9969 10037 10186 10199 10212 10233 10281 10383 10411 10417 10508 10515 10517 10555 10605 10610 10691 10747 10795 10804 10806 10892 10910 10912 10936 10971 10977 11170 11331 11371 11373 11374 11407 11440 11523 11658 11676 11726 11808 11834 11979 12053 12074 12218 12257 12284 12412 12414 12422 12445 12450 12572 12615 12645 12856 12935 12968 13044 13128 13211 13275 13399 13434
330 342 562 1093 1120 1303 1323 1628 1949 2013 2028 2104 2161 2289 2467 2733 3019 3349 3373 3494 3914 3938 4130 4326 4436 4469 4575 4977 5209 5251 5368 5393 5541 5637 5870 6037 6095 6119 6170 6190 6253 6295 6324 6486 6632 6745 6788 6989 7018 7058 7159 7212 7224 7251 7549 7619 7664 7984 8202 8804 8945 9042 9103 9435 9497 9777 9828 9913 10064 10343 10355 10406 10492 10560 10895 11571 11625 11692 11746 11772 12034 12318 12480 12584 12659 12717 12851 12888 12929 13142 13165 13230 13480
74 210 390 510 512 524 529 570 678 746 831 908 961 1064 1211 1249 1287 1321 1371 1381 1437 1453 1521 1548 1593 2045 2051 2058 2105 2122 2327 2647 2746 2838 2847 3060 3089 3123 3269 3339 3672 3690 3709 3799 3840 3864 3955 4017 4035 4142 4215 4218 4548 4596 4654 4809 4937 5000 5280 5321 5328 5392 5412 5481 5503 5831 5990 6032 6045 6124 6172 6228 6327 6338 6405 6422 6511 6586 6753 6766 6818 6901 6975 7061 7086 7100 7204 7299 7361 7389 7438 7440 7560 7586 7612 7623 7663 7712 7884 7990 8078 8109 8208 8235 8297 8431 8499 8512 8593 8640 8832 9020 9032 9234 9316 9439 9508 9581 9607 9609 9714 9766 9790 9824 10000 10008 10109 10227 10267 10276 10296 10306 10495 10501 10821 10920 10974 11116 11187 11286 11346 11355 11393 11415 11450 11502 11648 11776 11777 11801 11822 11845 11949 11987 12055 12126 12131 12265 12279 12310 12494 12623 12666 13124 13232 13280 13283 13344 13351 13397 13409
43 44 56 113 182 229 309 310 459 471 538 670 704 835 856 949 995 1018 1066 1069 1107 1112 1130 1223 1407 1434 1450 1480 1491 1492 1622 1660 1750 1812 1912 1958 2004 2026 2043 2098 2204 2309 2319 2344 2398 2505 2671 2674 2716 2741 2794 2814 2862 3030 3068 3098 3122 3235 3245 3278 3370 3436 3437 3442 3546 3589 3615 3618 3635 3649 3721 3734 3878 3963 4085 4122 4143 4159 4251 4278 4307 4331 4352 4435 4437 4549 4589 4625 4648 4917 4929 4958 5018 5066 5088 5100 5125 5152 5201 5217 5236 5518 5561 5586 5708 5717 5817 5845 5907 5914 5971 5981 6003 6030 6041 6046 6108 6127 6183 6210 6251 6280 6384 6553 6555 6587 6616 6620 6660 6689 6735 6769 6902 6955 6964 7016 7053 7064 7180 7188 7258 7259 7273 7295 7322 7356 7379 7542 7644 7666 7754 7981 7982 8022 8151 8153 8268 8338 8689 8731 8957 9009 9010 9091 9188 9270 9273 9283 9290 9388 9426 9451 9465 9484 9498 9520 9622 9757 9764 9786 9802 9820 9923 10065 10070 10074 10080 10083 10090 10114 10183 10209 10269 10273 10312 10384 10403 10408 10431 10437 10460 10485 10601 10698 10758 10785 10926 10983 11018 11049 11073 11130 11233 11244 11253 11293 11314 11367 11454 11461 11514 11519 11586 11605 11639 11709 11713 11738 11756 11768 11869 11952 12010 12015 12056 12068 12097 12134 12215 12242 12246 12271 12312 12331 12361 12368 12386 12388 12392 12425 12553 12594 12658 12674 12794 12910 13036 13217 13323 13340 13403 13411 13449
61 134 216 469 886 1096 1403 1546 1767 1907 1932 2299 2619 3287 3297 3439 3486 3667 3752 3925 3992 3994 4054 4262 4515 4682 4705 4930 4971 5003 5063 5117 5520 6514 6539 6581 6622 6921 7083 7143 7162 7202 7426 7559 7607 8013 8133 8348 8690 8783 8872 9007 9566 10288 10353 10518 10816 10838 11128 11257 11602 12172 12395 12581 12814 12871 13089 13215 13267 13305 13324 13482
633 1201 1425 1454 1665 4532 4608 4614 4736 5302 5903 5964 6887 7014 7172 7279 8441 8902 10073 10887 10921 12192 12967
2193 2871 3829 4286 4874 4892 4933 5383 6991 9228 10332 11070 12936
4388 11071
26 95 111 261 280 349 356 385 432 574 583 645 673 692 728 747 974 982 1017 1024 1030 1040 1187 1325 1333 1424 1559 1715 1848 1883 1930 2027 2055 2102 2208 2313 2423 2428 2599 2785 2834 2944 3130 3152 3171 3179 3191 3234 3284 3300 3301 3379 3530 3572 3637 3685 3796 3821 3884 3999 4128 4136 4205 4298 4302 4340 4399 4660 4714 4748 4752 4905 4928 5060 5064 5197 5221 5244 5264 5341 5343 5428 5445 5453 5474 5475 5490 5494 5668 5672 5698 5746 5747 5759 5779 5905 5954 5972 6069 6128 6184 6188 6323 6557 6615 6807 6959 6998 7112 7227 7242 7391 7561 7592 7868 7939 7944 8332 8350 8373 8487 8493 8602 8659 8663 8695 8742 8838 8917 8922 8980 9034 9073 9123 9255 9300 9495 9599 9600 9612 9689 9711 9774 9921 9943 10042 10063 10095 10116 10180 10299 10578 10583 10627 10636 10696 10872 10902 11184 11416 11714 11783 11836 11951 11983 12037 12118 12220 12224 12225 12289 12390 12397 12457 12474 12539 12552 12619 12628 12657 12754 12798 12919 12932 12949 13007 13316 13348
304 599 626 675 1038 1090 1172 1215 1682 1857 1899 2126 2479 3345 3746 3943 4119 4338 4829 5090 5395 5407 5599 6839 6913 6916 7038 7193 7265 7315 7526 7949 8178 8405 8494 8585 8628 8966 9361 10323 10446 10603 10734 11003 11168 11297 11320 11388 11521 11802 11894 12077 12231 12419 12544 12564 12854 13300 13342 13416
221 224 256 384 401 483 532 606 612 621 648 720 922 1102 1133 1143 1355 1566 1596 1752 1784 1837 1855 1960 2188 2198 2246 2283 2415 2476 2685 2728 2856 2867 2890 2975 2991 3009 3074 3143 3223 3226 3290 3393 3571 3581 3681 3682 3748 3777 3792 4129 4140 4174 4184 4283 4319 4360 4361 4410 4434 4465 4505 4563 4826 4870 4938 5053 5178 5216 5324 5364 5485 5512 5513 5616 5683 5763 5810 5889 5891 5946 6024 6107 6117 6220 6316 6423 6437 6477 6607 6628 6659 6981 7114 7198 7461 7564 7614 7657 7667 7764 7786 7799 7863 7867 7951 7963 8036 8107 8142 8152 8354 8443 8574 8594 8940 9030 9083 9124 9257 9285 9292 9357 9428 9445 9477 9528 9837 9843 9963 9973 9987 10016 10091 10103 10113 10361 10464 10473 10848 10903 11012 11045 11110 11148 11199 11206 11242 11261 11389 11399 11480 11995 12035 12088 12197 12211 12238 12253 12459 12524 12585 12632 12665 12687 12758 12782 12784 12804 12819 12827 12882 12915 13320 13360 13404 13442
1801
126 481 495 500 530 552 652 736 795 933 1085 1109 1214 1344 1809 1887 2022 2050 2116 2144 2251 2305 2320 2338 2376 2486 2513 2775 2849 3013 3070 3292 3395 3452 3747 3772 3961 3974 4198 4350 4389 4413 4623 4679 4728 4847 4854 4879 4980 4994 5229 5367 5715 6036 6241 6322 6331 6427 6550 6591 6602 6799 6858 6962 7009 7035 7128 7210 7238 7240 7252 7287 7551 7587 7605 7789 7810 7854 7913 7971 8011 8031 8051 8080 8224 8328 8362 8408 8412 8459 8679 9080 9112 9131 9399 9400 9468 9674 9779 9806 9823 9922 10072 10115 10188 10415 10449 10546 10653 10766 10840 10863 10959 10980 11228 11267 11272 11305 11315 11334 11609 11615 11796 11863 11909 11966 11985 12129 12146 12156 12179 12180 12209 12236 12275 12404 12464 12469 12504 12510 12588 12678 12909 13070
71 72 239 288 391 393 413 431 502 513 560 677 931 1019 1058 1375 1399 1402 1416 1635 1768 1776 1947 1996 2064 2123 2176 2214 2235 2318 2498 2748 2810 2921 3104 3167 3536 3699 3749 3767 3778 3833 3872 3926 3998 4180 4269 4426 4441 4479 4763 4827 4848 4920 5097 5380 5444 5629 5699 5895 5927 5942 6153 6180 6261 6297 6299 6647 6743 6806 6846 6912 6942 7122 7368 7599 7790 7811 7829 7830 7896 8331 8456 8479 8613 8703 8704 8754 8777 9301 9341 9358 9472 9737 9775 9821 10013 10133 10254 10372 10474 10540 10545 10611 10648 10707 10731 10850 10856 10888 11039 11147 11154 11243 11266 11276 11427 11446 11473 11566 11617 11770 11803 11900 11936 11946 12012 12149 12178 12278 12325 12381 12776 12780 12816 12980 13066 13167 13204 13361 13386 13468
28 311 405 533 767 1433 1575 2426 2506 2572 2595 2858 2885 2996 3027 3261 3380 3489 3583 3664 3729 4167 4191 5075 5131 5451 5962 5992 6291 6663 6729 7141 7608 7683 7831 7919 7996 8358 8943 9173 9418 9966 10075 10127 10666 10823 10847 11158 11663 11821 11911 11998 12182 12927 13178
45 138 381 406 480 596 875 877 1310 1341 1461 1539 1541 1920 2191 2380 2504 2609 2736 2756 2766 2827 2865 2881 3054 3059 3061 3231 3316 3553 3776 3970 3985 3987 4034 4169 4376 4448 4683 4865 5143 5191 5507 5730 6454 6565 6817 6824 6909 7135 7355 7450 7477 7641 7672 8366 8541 8625 8752 9006 9101 9458 9578 9586 9699 9867 10119 10376 10453 10467 10484 10865 10875 11040 11160 11205 11575 11831 12189 12416 12604 12696 12892 13058 13201 13288 13302 13376 13444
10595
274 468 568 593 800 838 1034 1419 2090 2578 2648 2914 2952 3102 3473 3809 4438 4538 5122 5259 5320 5514 5569 5678 5806 6176 6227 6365 6458 7956 8225 8402 8470 9109 9366 9572 9680 9949 10005 10018 10679 10727 11262 11344 11641 11741 11912 12417 12441 12551 12607 13085
2705 4157 4872 5906 9763 10505 10684 12148 12546 13095
190 191 201 602 757 873 953 976 1008 1031 1059 1158 1348 1359 1378 1571 1617 1765 1956 1967 1995 2063 2111 2137 2171 2205 2231 2454 2511 2543 2574 2617 2678 2684 2898 2982 3140 3324 3474 3663 3704 3852 4181 4199 4224 4267 4442 4476 4498 4605 4689 4823 4916 5123 5272 5347 5353 5398 5580 5611 5639 5716 5731 5819 5847 5863 5882 5913 5932 5956 5969 6097 6289 6579 6605 6674 6693 6733 6999 7156 7177 7223 7262 7270 7720 7734 7762 7796 7918 7933 7952 7961 7964 8040 8041 8116 8125 8135 8154 8380 8390 8415 8514 8531 8715 8841 8865 8954 8996 9005 9143 9170 9172 9413 9521 9587 9596 9661 9707 9846 9932 10235 10261 10307 10314 10541 10616 10715 10825 10967 11072 11091 11191 11496 11564 11595 11807 12065 12075 12084 12309 12348 12375 12589 12830 13160 13193 13362 13433 13476
2824
107 181 370 434 453 643 714 796 809 966 1184 1304 1385 1447 1603 1666 1738 1788 1818 1832 1863 1882 2101 2174 2336 2438 2497 2603 2711 2752 2830 2879 2902 2967 3096 3194 3221 3251 3416 3444 3463 3503 3724 3765 3779 3858 3920 4147 4332 4358 4363 4373 4455 4503 4509 4521 4567 4665 4901 4913 5055 5065 5080 5177 5190 5296 5338 5354 5421 5617 5749 5880 6021 6074 6135 6139 6147 6154 6466 6520 6541 7078 7149 7152 7250 7325 7435 7456 7580 7756 7837 7967 7997 7998 8055 8090 8163 8340 8437 8515 8724 8726 8825 8991 9037 9132 9500 9571 9676 9686 9905 9977 10062 10084 10222 10248 10430 10542 10554 10774 10805 10919 10953 11022 11103 11230 11264 11273 11328 11365 11372 11384 11451 11664 11687 11799 11935 11939 12040 12067 12121 12282 12427 12452 12534 12538 12606 12675 12765 12843 12893 12898 12923 13108 13123 13164 13171 13271 13274 13345 13349 13350 13401 13421
209 429 672 1174 1612 1827 1860 1928 3537 3591 3769 5310 5526 6035 6996 7169 7358 7972 8186 9019 9745 9939 10520 10889 11047 11189 11381 11517 11780 11873 12269 12669 13134 13177 13264
12547 12930
102 184 219 231 276 355 485 1074 1083 1176 1212 1324 1370 1376 1397 1761 1813 1931 1969 2041 2056 2172 2187 2256 2542 2761 2772 3064 3216 3445 3457 3505 3607 3659 3798 3817 4100 4150 4162 4211 4642 4671 4777 4943 5140 5188 5234 5287 5417 5607 6082 6112 6239 6348 6552 6662 6691 6731 7257 7584 7643 7692 7856 7861 8173 8438 8440 8556 8697 8858 8962 8972 8988 9014 9043 9279 9282 9364 9373 9780 9974 9982 10031 10329 10336 10538 10646 10789 10917 11020 11030 11090 11313 11559 11791 11887 11942 12098 12228 12496 12525 12575 12668 12797 12906 12974 12988 12989 13328 13473
142 284 577 859 907 1010 1103 1258 1271 1495 1667 1668 1685 1731 2202 3361 3362 3487 3602 3712 3791 3816 3827 3839 3951 4027 4094 4504 4545 4952 5016 5019 5056 5057 5193 5196 5340 5491 5517 5642 6091 6136 6583 6710 6815 6934 7059 7094 7167 7757 8148 8185 8604 8618 8645 8746 9063 9117 9924 10311 10351 10426 10568 10596 10719 10753 11076 11204 11213 11285 11652 11706 11727 12083 12151 12162 12237 12363 12383 12609 12679 12743 13020 13022 13060 13249 13307 13379
60 115 147 163 171 189 203 352 504 622 702 955 1168 1345 1584 1588 1631 1774 1807 2158 2315 2337 2525 2593 2652 2933 2954 3039 3119 3151 3166 3332 3447 4095 4420 4500 4626 4644 4798 4833 4940 4986 5192 5293 5477 5702 5795 5807 5860 6000 6042 6192 6398 6450 6492 6624 6852 7375 7722 7739 7755 7976 8166 8276 8397 8589 8607 8822 8898 9127 9145 9168 9171 9231 9243 9249 9256 9642 9704 9816 9832 9857 9860 9899 10137 10202 10266 10529 10986 11017 11453 11510 11697 11856 11881 11959 12113 12152 12401 12402 12773 12957 13239
213 242 243 278 315 367 402 422 457 461 540 554 576 639 758 784 843 866 893 911 932 970 971 1014 1084 1095 1137 1149 1188 1231 1234 1284 1373 1443 1467 1547 1557 1564 1604 1729 1754 1780 1831 1838 1850 1914 2072 2216 2265 2278 2317 2562 2568 2569 2606 2625 2637 2651 2714 2732 2781 2873 2958 2971 2999 3044 3097 3210 3250 3291 3355 3500 3624 3638 3854 3859 3930 3997 4055 4082 4176 4200 4303 4370 4424 4451 4562 4570 4597 4697 4711 4727 4773 4776 4782 4800 4813 4841 4885 4932 5261 5472 5666 5862 5900 5950 6133 6134 6175 6313 6401 6404 6407 6414 6440 6479 6501 6592 6816 6893 6900 6988 7013 7069 7118 7225 7344 7360 7364 7420 7428 7480 7494 7515 7524 7563 7575 7624 7632 7814 7828 7962 8010 8106 8108 8147 8209 8214 8564 8748 8751 8806 8879 8900 8905 8949 8976 9013 9053 9078 9095 9162 9331 9350 9375 9478 9509 9604 9649 9654 9716 9879 9961 10060 10069 10153 10193 10265 10289 10320 10354 10562 10564 10802 10834 10876 10909 10918 10945 11060 11094 11105 11164 11192 11341 11385 11424 11486 11534 11567 11643 11720 11857 11879 11976 11978 12041 12081 12112 12273 12586 12605 12636 12742 12760 12826 12933 12950 12965 12999 13099 13240 13284 13341 13383 13426 13441
4148
25 55 296 399 420 521 531 697 729 781 793 826 850 903 910 1046 1050 1063 1068 1197 1289 1326 1394 1396 1432 1509 1703 1707 1711 1747 1811 1868 2071 2073 2371 2417 2535 2566 2734 2994 2997 3010 3018 3208 3644 3660 3863 3887 4229 4255 4264 4392 4450 4480 4551 4655 4746 4845 4931 4951 5031 5043 5048 5124 5129 5300 5346 5408 5464 5579 5623 5733 5816 5850 5872 5875 5988 6068 6140 6300 6372 6452 6686 6741 6758 6802 6842 7036 7219 7234 7416 7626 7732 7763 7776 7840 8025 8137 8158 8197 8310 8421 8462 8482 8518 8537 8831 8877 8890 8958 9130 9222 9242 9267 9348 9404 9476 9603 9773 9812 9875 10138 10238 10275 10283 10433 10478 10530 10621 10651 10667 10699 10799 10831 10864 10942 10979 11008 11010 11033 11106 11208 11349 11364 11508 11722 11975 12117 12202 12355 12443 12522 12579 12602 12624 12670 12764 12824 12912 12954 12969 12990 13157 13248 13281 13419 13438 13443
3851
176 340 1021 1052 1191 1533 2068 2409 2444 2737 3832 4113 4440 4560 4857 5712 5714 5723 5921 6066 6110 6534 6963 7879 8183 8361 8404 8461 8599 8743 8805 9163 9651 9688 10154 10419 10447 10638 10779 10783 11061 11542 11555 11889 11918 12108 12154 12567 12631 12663 12781
91 334 363 443 535 541 550 563 616 905 1028 1388 1456 1485 1570 1587 1625 1740 1842 1893 1999 2402 2544 2808 2896 2899 3003 3005 3124 3157 3172 3220 3265 3411 3469 3676 3775 3913 4038 4188 4225 4304 4383 4669 4803 5068 5085 5142 5171 5173 5248 5427 5602 5750 5789 5828 6056 6146 6165 6351 6430 6453 6457 6697 6698 6926 7074 7105 7130 7353 7466 7570 7677 7697 7768 8020 8021 8079 8136 8410 8447 8732 8817 8850 9051 9333 9369 9645 9710 9744 9838 9892 10052 10301 10350 10569 10602 10722 10992 10994 11024 11408 11667 11862 11886 11928 12190 12420 12508 12532 12977 13031 13229 13464 13477 13481
808 1998 2998 3386 3588 4152 5166 8562
3988 7824
4111
6270
1927 4566
36 59 328 636 734 1155 1178 1265 1343 1446 1455 1987 2154 2518 2680 2742 3270 3320 3658 3674 3707 3820 3911 3960 4007 4028 4132 4138 4250 4323 4327 4378 4550 4594 4595 4613 4808 4812 4984 5101 5286 5371 5440 5470 5511 5521 5630 5696 5800 5857 5936 5996 5997 6084 6085 6111 6145 6200 6265 6381 6388 6469 6528 6619 6720 6765 6888 6895 6956 7045 7088 7136 7163 7206 7213 7246 7278 7303 7412 7507 7552 7577 7600 7653 7747 7767 8003 8100 8180 8187 8280 8529 8532 8728 8733 8786 8820 8978 9056 9204 9305 9323 9485 9681 9728 9742 9789 9959 10247 10305 10357 10882 10894 10970 11302 11307 11483 11491 11544 11601 11666 11691 11773 11790 11844 11880 12254 12293 12299 12338 12444 12561 12796 12944 13045 13136 13159 13312 13337
3 68 76 98 101 109 180 212 217 251 253 297 299 300 743 756 766 792 861 876 884 944 993 1006 1015 1023 1039 1076 1117 1190 1412 1448 1475 1479 1494 1565 1589 1716 1717 1724 1726 1762 1799 1814 1913 1924 1948 2011 2167 2206 2226 2266 2287 2323 2448 2461 2493 2536 2594 2639 2641 2662 2723 2765 2778 2978 3016 3071 3084 3095 3141 3254 3314 3538 3592 3680 3702 3784 3807 4161 4248 4280 4299 4308 4359 4402 4555 4591 4675 4770 4824 4840 4858 4935 4939 5151 5168 5275 5313 5316 5381 5449 5529 5598 5684 5745 5854 5957 5976 6043 6125 6179 6254 6262 6429 6584 6725 6752 6862 6873 6897 6936 6951 6965 6997 7032 7084 7268 7284 7351 7437 7471 7487 7521 7593 7635 7652 7985 8101 8124 8219 8248 8292 8299 8389 8452 8495 8567 8570 8675 8713 8714 8729 8755 8816 8844 8855 8916 8967 8973 9024 9033 9041 9062 9100 9146 9310 9511 9631 9831 9854 9877 9908 9967 10027 10118 10230 10241 10335 10674 10682 10689 10718 10726 10738 10841 10858 10884 11054 11316 11319 11347 11413 11466 11478 11526 11585 11624 11647 11678 11781 11855 12036 12045 12052 12064 12155 12252 12290 12447 12540 12557 12621 12688 12723 12774 12963 13035 13073 13098 13120 13255 13295 13414 13423 13463 13479
2726 3916 5462 6491 8736 8791 9392 9850 12205 12462
122 178 183 215 341 359 623 624 668 790 913 916 1025 1044 1075 1094 1141 1250 1253 1288 1300 1305 1442 1497 1515 1713 1751 1817 1865 1890 1984 2088 2106 2156 2170 2209 2375 2412 2445 2492 2503 2632 2727 2729 2860 2870 2882 2901 2926 2934 3049 3090 3112 3169 3186 3189 3198 3213 3321 3363 3382 3404 3420 3430 3516 3520 3555 3564 3566 3575 3608 3698 3741 3754 3842 3860 3861 3946 3965 3969 4062 4093 4102 4146 4190 4290 4339 4368 4408 4425 4502 4510 4539 4547 4585 4619 4634 4651 4670 4703 4704 4749 4793 4815 4850 5008 5020 5042 5098 5104 5241 5271 5319 5332 5372 5385 5459 5471 5542 5565 5573 5626 5633 5701 5721 5728 5878 5916 5922 5980 6007 6040 6058 6116 6243 6273 6284 6342 6369 6374 6394 6498 6546 6593 6705 6767 6808 6850 6864 6889 6929 6933 7066 7115 7209 7247 7263 7267 7313 7335 7362 7369 7429 7442 7460 7533 7647 7687 7765 7772 7798 7823 7827 7835 7858 7870 8007 8042 8045 8061 8062 8086 8130 8143 8215 8218 8222 8242 8281 8316 8342 8433 8477 8497 8510 8557 8579 8651 8693 8698 8745 8757 8769 8862 8863 8899 9049 9077 9085 9115 9116 9137 9138 9238 9431 9492 9514 9592 9634 9668 9722 9743 9769 9811 9986 9988 9995 10001 10101 10107 10174 10220 10284 10292 10321 10392 10425 10522 10526 10544 10557 10590 10640 10737 10803 10962 11041 11048 11092 11104 11197 11227 11247 11369 11383 11515 11548 11569 11580 11607 11610 11635 11653 11689 11693 11762 11795 11814 11817 11825 11849 11988 11999 12014 12025 12090 12101 12176 12245 12261 12302 12340 12380 12429 12436 12446 12454 12511 12634 12697 12709 12730 12734 12741 12818 12845 12902 12952 12978 12991 13053 13083 13113 13158 13198 13228 13238 13453
4 77 472 516 718 926 1295 1648 1678 1699 1952 2038 2119 2219 2301 2308 2547 2656 2666 2773 2945 3145 3259 3334 3425 3604 3797 3932 4033 4072 4336 4582 4618 4731 4863 4881 4970 5001 5109 5126 5571 5641 6002 6207 6373 6399 6432 6516 6658 6709 7012 7226 7236 7277 7345 7498 7727 7787 7965 8087 8094 8122 8192 8260 8435 8502 8552 8721 8761 8880 8932 8960 8994 9464 9474 9667 9915 10152 10342 10388 10396 10470 10830 11096 11121 11157 11608 11662 11990 12022 12323 12523 12638 12644 12903 13023 13037 13233 13474
38 80 86 172 199 318 404 440 761 768 791 887 991 997 1057 1073 1218 1224 1247 1255 1306 1322 1363 1405 1418 1638 1695 1720 1728 1786 1791 1815 1821 1824 1981 2094 2145 2248 2282 2379 2385 2399 2441 2554 2589 2855 2877 2891 2907 2941 3026 3072 3132 3164 3184 3203 3211 3256 3262 3296 3325 3348 3427 3561 3694 3770 3786 3915 3919 4021 4069 4077 4172 4185 4193 4214 4242 4345 4346 4354 4403 4456 4474 4537 4553 4588 4612 4820 4936 4966 5017 5092 5203 5207 5245 5282 5283 5295 5375 5429 5488 5530 5556 5596 5628 5677 5814 5991 6050 6065 6096 6198 6245 6255 6268 6333 6344 6434 6671 6747 6827 6859 6961 7022 7057 7107 7233 7244 7264 7317 7367 7398 7431 7444 7523 7525 7531 7536 7567 7602 7717 7742 7816 7841 7893 7898 7916 7925 8034 8049 8059 8065 8089 8104 8165 8295 8336 8375 8454 8468 8535 8558 8582 8620 8765 8815 8836 8886 8963 8990 9008 9050 9180 9195 9196 9201 9241 9276 9297 9346 9394 9406 9449 9452 9475 9491 9555 9585 9614 9652 9693 9717 9720 9739 9761 9800 9868 10004 10017 10057 10087 10184 10200 10236 10239 10274 10291 10346 10472 10660 10712 10770 10807 10846 10890 10905 10947 10956 10984 11069 11137 11150 11156 11195 11200 11202 11236 11287 11311 11340 11405 11441 11472 11476 11538 11606 11681 11707 11829 11897 12047 12109 12120 12164 12173 12186 12212 12214 12301 12479 12498 12555 12556 12574 12580 12629 12811 12823 12899 13041 13149 13150 13282 13322 13338 13366 13368 13384 13406
1 53 145 177 233 368 427 449 475 601 610 735 773 945 1242 1268 1280 1342 1364 1487 1613 1783 1796 2268 2307 2321 2392 2449 2477 2528 2565 2621 2942 3014 3035 3094 3195 3199 3230 3310 3391 3501 3610 3693 3727 3785 3802 3871 3972 4226 4233 4257 4289 4375 4486 4541 4599 4661 4687 4708 4716 4723 4751 4780 4805 4888 4918 4956 4957 4964 5013 5021 5038 5158 5396 5425 5441 5690 5752 5793 5865 5874 5893 6015 6038 6115 6206 6281 6328 6336 6569 6665 6703 6803 6829 6867 6948 6987 7146 7148 7323 7373 7406 7582 7640 7711 7766 7792 7842 7940 7969 8105 8255 8270 8283 8382 8394 8506 8696 8710 8741 8756 8763 8983 9104 9187 9197 9368 9523 9567 9591 9884 9897 10158 10255 10286 10337 10377 10382 10597 10655 10932 10999 11019 11034 11111 11201 11464 11556 11562 11638 11739 11767 12029 12057 12232 12306 12307 12335 12421 12562 12571 12649 12715 12738 13042 13043 13170 13259 13308 13436
245 1291 2935 3560 4048 4324 6568 9093
159 2177 2597 3052 4059 4212 4718 6089 6174 7187 7393 8234 9025 9142 9979 10575 11279 11449 11628
13455
8527
47 97 135 198 230 421 594 776 785 1123 1144 1270 1339 1354 1427 1428 1468 1574 1652 1706 1854 1997 2015 2189 2225 2232 2718 2739 2915 2920 2957 2983 3025 3134 3225 3282 3446 3559 3881 4481 4821 4925 4950 4996 5189 5351 5411 5426 5618 5694 5729 5920 5945 6063 6087 6448 6542 6738 6786 6810 6976 7145 7275 7418 7509 7603 7782 7905 8312 8851 8876 9264 9425 9442 9553 9582 9675 9771 9848 9859 9920 9927 10110 10217 10393 10576 10619 10673 10721 10771 10880 11292 11557 11651 11745 11827 11945 12062 12405 12406 12408 12431 12559 12593 12701 13015 13046 13072 13153 13425
3720 4844 13105
3837 6178 7805 8075 9044 9291 9628 11007 11574
32 94 207 218 267 295 333 377 482 488 647 741 811 888 901 909 1122 1136 1294 1410 1471 1496 1526 1681 1730 1792 1829 1835 1938 1939 1954 2003 2077 2330 2340 2353 2387 2413 2418 2419 2432 2464 2515 2587 2605 2614 2615 2804 2916 2928 2979 2987 3002 3330 3342 3351 3387 3399 3438 3456 3557 3606 3665 3700 3705 3826 3896 3936 3981 4026 4046 4091 4178 4268 4380 4412 4453 4463 4558 4611 4730 4737 4797 4867 4883 4923 4946 5033 5037 5083 5240 5322 5458 5502 5547 5552 5601 5608 5688 5836 5838 5886 5943 6039 6083 6236 6312 6389 6482 6556 6575 6754 6777 6789 6795 7034 7055 7085 7300 7329 7334 7405 7445 7475 7495 7538 7585 7588 7637 7639 7689 7696 7715 7947 8134 8146 8164 8189 8309 8324 8401 8430 8581 8662 8718 8759 8912 8984 9004 9075 9141 9244 9299 9326 9387 9398 9496 9558 9561 9576 9584 9678 9895 9907 9916 9918 9928 9998 10022 10055 10058 10182 10249 10370 10391 10469 10561 10614 10711 10733 10743 10885 11113 11118 11122 11188 11222 11428 11433 11462 11511 11596 11603 11637 11705 11733 11789 11916 11941 12114 12124 12366 12418 12437 12471 12512 12535 12541 12542 12596 12690 12700 12744 12769 12907 12914 12987 13001 13012 13061 13104 13141 13358 13365 13385 13387 13447
723 775 870 898 964 1347 1906 1919 2936 2974 3248 3267 3579 4204 4213 4572 4806 5030 5288 5840 5994 6025 6259 6278 6349 6629 6792 7041 7946 7950 8781 9795 10023 10716 11524 11561 11679 12266 12617 13435
569 2288 3111
40 73 308 332 354 509 527 555 584 637 651 943 958 1011 1026 1118 1186 1274 1991 2002 2061 2095 2150 2239 2242 2356 2384 2465 2495 2534 2649 2707 2754 2886 2968 3050 3051 3275 3415 3596 3953 4196 4457 4490 4616 4702 4825 4837 4855 4898 4961 5070 5073 5157 5164 5583 5709 5917 6014 6219 6279 6412 6849 7073 7092 7239 7396 7493 7646 7676 7685 7728 7749 7813 7846 7926 7988 8077 8081 8411 8559 8811 8881 8910 9003 9147 9307 9312 9422 9470 9533 9550 9705 9814 9996 10003 10097 10208 10240 10280 10290 10375 10524 10587 10680 10765 11254 11289 11326 11565 11627 11811 11977 12346 12347 12374 12451 12482 12833 12878 12905 12992 12996 13030 13145 13235 13407
1476 8664
3528 5120 8239 9881
19 62 104 187 220 272 358 491 588 794 818 834 872 1072 1115 1169 1221 1236 1360 1377 1463 1528 1549 1579 1636 2020 2044 2075 2093 2112 2169 2181 2332 2372 2386 2551 2570 2584 2586 2809 2822 2924 2946 3023 3031 3032 3086 3346 3384 3397 3506 3578 3612 3662 3695 3800 3822 3912 3980 4043 4173 4183 4347 4394 4446 4609 4621 4789 4896 4954 5054 5235 5262 5266 5274 5330 5418 5435 5439 5528 5551 5718 5766 5783 5931 6048 6113 6129 6185 6212 6250 6321 6346 6445 6464 6538 6654 6798 6884 6920 6958 7075 7133 7147 7151 7221 7256 7301 7333 7340 7365 7374 7401 7459 7699 7729 7853 7860 8132 8194 8206 8274 8475 8536 8619 8621 8716 8758 8847 8869 8969 9027 9254 9384 9409 9483 9639 9643 9768 9808 9834 9885 9902 9954 9957 9980 10035 10104 10166 10278 10308 10359 10389 10395 10412 10418 10457 10594 10694 10815 10946 11133 11138 11280 11333 11414 11455 11577 11645 11736 11794 11882 11974 12079 12128 12256 12264 12274 12297 12466 12470 12550 12598 12654 12721 12724 12753 12812 12886 12894 13034 13052 13143 13244 13289 13319 13321
52 69 89 194 319 387 451 566 748 840 853 1020 1086 1153 1502 1534 1562 1677 1822 1892 1934 1972 2018 2223 2424 2691 2704 2908 2938 2969 3020 3058 3062 3205 3302 3413 3417 3504 3603 3620 3922 3995 4087 4158 4238 4371 4571 4672 4875 4992 5015 5150 5170 5180 5199 5278 5432 5443 5621 5662 5685 5801 5881 5894 5924 6009 6266 6814 6911 7129 7243 7386 7407 7413 7555 7775 7804 7891 7977 8228 8311 8575 8639 8907 8923 8961 9505 9542 9785 9952 10111 10171 10262 10264 10380 10498 10532 10584 10585 10592 10695 10739 10769 10796 10906 10966 10981 11052 11102 11125 11159 11190 11543 11563 11700 11828 11876 11933 11973 12208 12324 12393 12515 12647 12653 12673 12676 12712 12729 12775 12829 12874 12939 13059 13064 13129 13246 13296 13377
1867 3713 6409 11982
39 165 444 447 479 595 935 967 975 1840 2310 2635 2880 3139 3192 3340 3666 4088 4239 4287 4321 4569 4603 5497 6013 6230 6352 6390 7176 7208 7936 8396 8654 8947 8977 9381 9386 9692 9759 10155 10181 10224 10349 10692 11670 11883 12217 13163 13195 13400
6078 10483
29 211 294 324 373 394 545 607 646 719 751 849 865 920 1048 1127 1160 1165 1170 1182 1309 1331 1361 1464 1499 1555 1647 1689 1741 1830 1900 1937 2010 2021 2108 2127 2147 2218 2220 2258 2264 2397 2422 2517 2520 2683 2713 2753 2767 2826 2836 2889 3082 3128 3175 3299 3381 3394 3402 3414 3585 3711 3755 3841 3889 4008 4020 4131 4137 4260 4353 4362 4366 4543 4586 4666 4695 4701 4729 4799 4878 4934 4983 5025 5084 5093 5228 5377 5387 5404 5537 5643 5655 5682 5705 5734 5855 5923 6073 6086 6130 6168 6191 6375 6391 6497 6515 6523 6574 6617 6634 6760 6871 6949 7021 7103 7207 7253 7260 7266 7463 7517 7650 7700 7881 7908 7993 8093 8127 8236 8249 8364 8463 8472 8520 8630 8792 8818 9221 9252 9486 9499 9504 9513 9537 9611 9640 9666 9694 9935 10019 10141 10156 10196 10297 10302 10444 10500 10504 10551 10677 10759 10854 10860 10941 10964 11038 11124 11231 11234 11475 11593 11618 11674 11841 11858 11884 11957 11961 12078 12110 12140 12285 12342 12453 12516 12630 12685 12710 12934 12961 12979 13038 13062 13186 13209 13272 13290 13298 13429 13448 13466
27 110 118 236 317 322 496 763 798 868 957 1192 1222 1466 1522 2118 2275 2311 2864 3155 3462 3541 3554 3745 4096 4118 4216 4423 4522 4584 4706 5130 5149 5277 5442 5588 5636 5700 5985 6630 7054 7281 7634 7705 7818 8058 8171 8383 8685 8874 9106 9193 9317 9424 10709 10835 10907 10949 10995 11083 11141 11179 11182 11434 11540 11594 11716 11797 11934 12058 12337 12476 12477 12500 12514 12611 12917 13011
12953
7820
12 48 83 90 166 380 506 691 710 755 778 1027 1037 1041 1062 1145 1610 1679 1891 1994 2440 2512 3190 3482 3544 4273 4305 4404 4409 4895 4944 5299 5501 5543 5570 5658 5669 5754 6004 6098 6217 6431 6455 6540 6726 7019 7134 7170 7186 7455 7566 7591 7625 7924 7959 8039 8256 8319 8522 8584 8670 8686 9038 9072 9133 9175 9438 9457 9544 9575 9772 9855 10124 10168 10228 10618 10681 10705 10786 11011 11087 11109 11194 11211 11489 11673 11711 11728 11788 11813 11871 12116 12127 12234 12438 12994 13074 13176 13293
2484 11752 12001
41 1330 2803 4084 4151 4753 5527 5695 5771 6525 6775 7449 7569 7836 8073 8705 8706 9819 9956 10270 10644 11028 11621 11806 12478 13297 13460
148 1429 1721 3091 3626 6305 7648 7801 7888 8530 8551 8592 8702 8906 9086 9119 11165 11495 11591 11779 11830 12239 12354 12720 12958 13234
999 6138 8887 10252
6355
37 50 99 497 689 779 801 1113 1246 1293 1332 1595 1732 1773 1859 2297 2333 2414 2731 2923 3247 3366 3377 3468 3470 3498 3616 3687 3866 3901 3917 4246 4343 4401 4734 4785 4861 4904 5076 5382 5656 5892 5989 6612 6772 6857 6973 7153 7220 7583 7795 7819 7850 7883 8286 8386 8416 8508 8614 8672 8824 9217 9227 9320 9519 9930 10122 10293 10817 10893 10931 10993 11439 11588 11925 12005 12713 12756 12768 12981 13084
2912
188 250 290 454 694 733 846 862 1126 1269 1540 1586 1592 1696 2270 2370 2450 2571 2735 2762 2769 3004 3092 3107 3242 3274 3276 3288 3471 3529 3639 3684 3751 3757 3890 3937 4011 4049 4217 4311 4552 4816 5041 5072 5167 5183 5269 5416 5486 5722 6164 6320 6493 6576 6678 6764 6907 6950 7082 7384 7505 7571 7622 7724 7731 7758 7859 7887 8097 8220 8300 8302 8352 8406 8460 8543 8597 8779 8782 8938 8959 9029 9108 9214 9376 9524 9551 9588 9610 9842 9909 9944 10082 10085 10098 10145 10169 10204 10257 10341 10675 10873 10955 10996 11153 11180 11210 11265 11348 11409 11499 11535 11718 11896 11958 12157 12303 12314 12577 12706 12799 12937 13133 13173 13175 13394
832 1272 1374 1553 1671 1834 2303 2496 2665 2801 2876 2897 2930 3180 3306 3323 3327 3633 3924 3945 4015 4075 4083 4400 4583 4710 4871 5078 5145 5254 5397 5487 5603 5977 6064 6655 6714 6836 6892 6899 6928 6980 7241 7573 7693 7707 7714 8032 8371 8789 8797 8830 8925 8993 9114 9174 9556 9630 9951 10068 10494 10663 10886 11044 11391 11467 11632 11804 12223 12345 12424 12815 12847 12862 13121
12877
1080 1406 1420 1506 1600 1845 1872 1950 2033 2378 3599 3789 4189 4253 4357 4462 4778 5522 5784 5813 5884 5934 5951 6506 6600 6748 6874 6966 7030 7522 7661 8149 8181 8395 8409 8573 8944 9809 9817 10221 10340 11533 11616 12072 13026 13417
4536
525 657 759 965 1035 1156 1465 1655 1694 1884 2087 2134 2350 2366 2406 2818 2875 2981 3080 3227 3232 3570 3814 3845 3857 4036 4154 4207 4236 4907 4949 5029 5036 5062 5139 5220 5574 5606 5632 5741 5751 5839 5851 5919 6304 6354 6545 6623 6882 7001 7089 7090 7123 7124 7293 7745 7906 8002 8308 8392 8429 8446 8583 8688 8764 8897 8915 9129 9186 9302 9378 9770 9791 9863 10053 10223 10362 10436 10491 10604 10891 10985 11031 11321 11352 11669 11775 11893 11967 12099 12603 12779 12858 12931 13005 13270 13393 13439
20 144 252 271 361 382 518 543 667 725 817 925 973 1124 1193 1252 1282 1283 1481 1836 1856 1921 2017 2133 2192 2383 2394 2501 2555 2672 2790 2816 2872 2904 2922 3015 3083 3085 3087 3125 3212 3252 3352 3388 3481 3545 3655 3956 4067 4123 4235 4419 4496 4516 4722 4757 4880 4902 4909 5116 5144 5270 5307 5391 5433 5496 5534 5546 5604 5675 5742 5776 5843 5852 6094 6141 6155 6317 6337 6396 6428 7003 7008 7029 7311 7363 7395 7617 7832 7930 7937 7955 8096 8139 8160 8172 8327 8337 8355 8449 8464 8577 8605 8669 8827 8829 8974 9126 9247 9251 9266 9311 9332 9538 9549 9559 9691 10029 10061 10164 10246 10277 10285 10304 10435 10523 10598 10661 10676 10723 10883 10997 11107 11166 11324 11482 11500 11671 11793 11953 11955 12011 12166 12233 12263 12376 12490 12537 12711 12731 12861 13004 13068 13132 13181 13183 13236 13310 13458
8469
353 2140 3163 4045 4649
1688 2806 6978 8140 10896 11251
519 7516 13056
11394
2537 11892 12554
5582 9443
154 179 196 279 282 347 392 418 586 603 713 752 782 799 890 918 996 1055 1071 1238 1298 1445 1514 1538 1611 1651 1670 1719 1737 1804 1847 1862 1945 2048 2096 2100 2227 2236 2252 2257 2269 2271 2285 2290 2357 2429 2431 2487 2522 2567 2627 2689 2828 2884 2950 3255 3313 3367 3429 3453 3515 3576 3771 3847 3941 4042 4228 4234 4458 4464 4517 4554 4639 4873 5034 5107 5121 5136 5181 5211 5215 5306 5394 5515 5524 5536 5613 5670 5757 5842 6143 6160 6199 6242 6359 6361 6488 6567 6595 6597 6701 6716 6865 6876 7071 7109 7117 7158 7171 7235 7291 7341 7354 7464 7528 7545 7615 7629 7655 7723 7821 7838 7910 8006 8120 8184 8262 8271 8315 8335 8353 8413 8647 8657 8717 8839 8884 8893 8901 9017 9023 9087 9149 9160 9296 9377 9395 9401 9697 9702 9713 9822 9856 9917 9926 9948 9971 10006 10038 10077 10315 10358 10450 10482 10537 10543 10657 10706 10767 10867 10954 11151 11203 11252 11269 11284 11425 11430 11460 11469 11479 11522 11553 11747 11787 11860 11930 11954 12020 12107 12153 12167 12229 12260 12298 12311 12344 12481 12545 12582 12656 12660 12737 12761 12839 12849 12879 12884 12973 13179 13192 13263 13309 13347
1504 2124 3424 3736 5210 6303 6561 7660 8145 8272 8799 9416 10801 13079
