6169
9724
1199 6724 7631
1079
1242 1649 1943 4057 4631 5484 7736 8480 9629 9732 10398 10458 10825 10874 11556
289 5633
823 3197
47 51 95 105 149 199 406 709 1428 1559 1574 1606 1652 1715 1801 1989 2094 2173 2277 2428 2638 3130 3234 3252 3300 3375 3398 3637 3705 3889 4013 4055 4128 4466 4686 5343 5401 5425 5475 5747 6308 6368 6648 6821 7203 7381 7684 7782 8295 8581 8602 8659 8742 8922 9128 9363 9532 9591 10095 10337 10409 10716 11075 11335 12327 12479 12559 12754 13107 13253
79 108 121 140 163 189 190 239 353 390 393 431 474 502 512 529 560 566 610 633 661 678 702 743 746 757 819 841 873 880 908 955 961 1008 1025 1031 1064 1070 1076 1086 1134 1158 1226 1249 1259 1272 1308 1321 1377 1401 1454 1470 1479 1529 1531 1568 1570 1584 1588 1632 1661 1677 1680 1688 1698 1762 1800 1861 1924 1955 1961 1995 2063 2076 2140 2158 2197 2223 2226 2231 2244 2254 2266 2303 2327 2337 2343 2454 2536 2543 2574 2653 2662 2723 2783 2838 2887 2929 3053 3071 3114 3141 3146 3154 3163 3167 3258 3269 3298 3323 3474 3507 3573 3622 3633 3663 3690 3704 3741 3749 3756 3784 3852 3872 3926 3995 4017 4061 4068 4133 4142 4156 4181 4203 4249 4267 4269 4280 4308 4476 4477 4482 4518 4548 4558 4571 4608 4672 4689 4719 4770 4775 4802 4823 4856 4882 4884 4890 4940 4967 5022 5071 5078 5106 5123 5150 5151 5168 5272 5280 5328 5353 5358 5370 5418 5420 5444 5450 5481 5487 5621 5639 5654 5681 5716 5737 5766 5775 5778 5795 5808 5835 5847 5854 5860 5882 5887 5894 5924 5942 5976 6000 6047 6097 6121 6125 6163 6194 6213 6214 6261 6284 6289 6297 6341 6346 6363 6446 6471 6524 6532 6605 6655 6656 6702 6708 6714 6719 6728 6752 6814 6836 6852 6901 6912 6980 7014 7042 7097 7116 7247 7284 7298 7311 7315 7332 7337 7338 7375 7386 7389 7410 7510 7565 7573 7581 7612 7641 7647 7665 7722 7860 7884 7886 7891 7906 7933 7952 7976 8099 8154 8193 8201 8216 8229 8235 8255 8263 8265 8297 8311 8317 8389 8397 8431 8441 8456 8499 8510 8517 8591 8593 8607 8639 8640 8696 8713 8715 8738 8755 8789 8822 8834 8837 8847 8855 8934 8954 8967 9016 9020 9026 9041 9045 9071 9145 9171 9174 9191 9249 9256 9279 9361 9369 9379 9383 9389 9413 9437 9505 9521 9525 9530 9542 9547 9596 9598 9642 9733 9744 9775 9785 9790 9794 9811 9821 9835 9857 9881 9964 10041 10118 10132 10133 10137 10171 10176 10225 10227 10235 10241 10262 10264 10267 10276 10286 10296 10372 10381 10389 10392 10455 10474 10532 10541 10569 10592 10697 10726 10769 10821 10839 10856 10888 10921 10923 10986 10991 11039 11044 11052 11080 11093 11126 11140 11152 11154 11159 11177 11191 11198 11202 11229 11343 11375 11408 11446 11453 11478 11496 11506 11576 11583 11595 11606 11613 11647 11648 11686 11697 11700 11794 11855 11856 11876 11881 11946 11947 11959 11987 12013 12039 12055 12064 12084 12113 12123 12128 12131 12187 12192 12252 12279 12280 12393 12432 12494 12527 12565 12598 12627 12661 12712 12714 12719 12721 12727 12749 12767 12775 12788 12816 12830 12874 12963 12967 13035 13073 13080 13113 13120 13121 13137 13155 13168 13193 13265 13295 13344 13362 13384 13386 13433 13455 13468 13470 13476 13479
1573 4111
11962
4131 4748
958 4718
548
7153
8563
2311
83 126 132 214 216 226 312 375 396 433 481 573 684 688 701 721 736 739 892 895 1109 1154 1178 1204 1214 1225 1232 1245 1296 1312 1320 1330 1366 1403 1417 1446 1456 1492 1505 1518 1546 1626 1733 1744 1748 1770 1785 1809 1813 1887 1907 1926 1932 1933 1951 1987 1993 2049 2052 2126 2160 2166 2295 2305 2322 2338 2350 2360 2376 2472 2546 2659 2673 2800 2842 2899 3005 3022 3070 3110 3129 3187 3188 3209 3228 3245 3253 3292 3364 3370 3380 3395 3439 3451 3486 3524 3589 3653 3654 3674 3689 3706 3735 3775 3834 3835 3843 3850 3888 3921 3961 3974 3992 4016 4071 4132 4187 4252 4323 4350 4418 4443 4523 4528 4590 4593 4627 4632 4636 4644 4674 4679 4728 4758 4760 4810 4847 4852 4854 4930 4960 4991 4994 5047 5085 5095 5100 5171 5229 5531 5545 5598 5635 5689 5695 5740 5743 5748 5771 5782 5797 5802 5883 5940 5982 6022 6079 6122 6131 6146 6158 6161 6200 6212 6276 6303 6318 6322 6348 6351 6379 6388 6438 6444 6452 6453 6539 6550 6661 6679 6690 6704 6713 6755 6823 6848 6895 6902 6908 6926 6927 6962 6990 7035 7047 7110 7131 7141 7157 7173 7202 7232 7245 7246 7252 7282 7339 7366 7426 7430 7501 7540 7552 7570 7589 7600 7611 7613 7820 7836 7904 7913 7971 8031 8051 8080 8142 8169 8187 8224 8238 8351 8410 8414 8440 8471 8511 8518 8538 8677 8679 8684 8705 8728 8770 8773 8812 8820 8833 8889 8896 8898 9015 9080 9081 9102 9105 9107 9207 9213 9353 9388 9400 9466 9467 9468 9485 9573 9581 9656 9690 9710 9718 9736 9749 9803 9836 9898 10020 10051 10056 10072 10115 10130 10179 10216 10242 10244 10305 10326 10345 10379 10415 10423 10429 10440 10441 10518 10570 10595 10629 10653 10658 10659 10710 10772 10816 10823 10840 10970 11004 11090 11127 11181 11209 11239 11257 11259 11283 11315 11357 11388 11471 11492 11498 11602 11633 11659 11712 11758 11815 11833 11854 11863 11866 11901 11907 11909 11924 11966 12002 12003 12190 12209 12236 12275 12299 12442 12455 12469 12508 12510 12588 12633 12681 12748 12860 12877 12896 12909 12944 12985 13000 13053 13055 13071 13081 13110 13111 13136 13138 13148 13247 13269 13301 13312 13330 13374 13403 13420
13122
1 8 10 17 76 145 177 230 237 245 266 286 299 303 307 316 323 362 376 412 418 423 427 436 437 455 476 525 586 592 601 602 604 619 657 676 708 713 724 735 915 924 965 1035 1037 1041 1061 1108 1145 1148 1203 1268 1280 1292 1314 1328 1336 1340 1347 1354 1357 1364 1383 1406 1420 1458 1465 1472 1514 1516 1535 1578 1600 1603 1607 1609 1611 1629 1667 1668 1714 1739 1742 1772 1779 1790 1796 1807 1818 1862 1867 1873 1880 1884 1888 1895 1941 1979 2033 2100 2134 2139 2143 2167 2210 2257 2270 2284 2285 2291 2315 2321 2333 2341 2342 2348 2357 2370 2406 2449 2450 2461 2480 2487 2528 2592 2621 2642 2668 2689 2692 2724 2731 2792 2807 2960 2964 2981 2984 3008 3092 3099 3103 3108 3137 3168 3190 3194 3232 3237 3254 3266 3289 3293 3361 3409 3461 3477 3529 3538 3570 3599 3600 3632 3678 3701 3781 3789 3804 3813 3814 3830 3890 3933 4011 4012 4049 4052 4081 4094 4127 4154 4177 4189 4236 4244 4275 4282 4313 4324 4342 4391 4409 4439 4462 4486 4493 4600 4654 4661 4668 4673 4696 4699 4716 4785 4805 4858 4873 4964 5013 5021 5032 5036 5062 5067 5079 5107 5111 5133 5139 5158 5211 5226 5230 5294 5298 5333 5486 5494 5498 5510 5516 5522 5536 5569 5631 5632 5649 5658 5674 5754 5760 5777 5784 5806 5851 5884 5899 5915 5919 5934 5957 5968 6062 6067 6143 6166 6203 6224 6244 6257 6281 6304 6355 6505 6506 6543 6631 6665 6726 6730 6748 6768 6800 6829 6844 6861 6866 6870 6882 6935 6945 6965 6966 6983 7001 7025 7030 7059 7080 7089 7123 7124 7137 7146 7167 7178 7181 7217 7307 7357 7377 7382 7400 7443 7452 7476 7483 7522 7535 7545 7568 7591 7595 7601 7630 7663 7674 7717 7730 7940 8002 8014 8032 8039 8112 8118 8120 8124 8149 8181 8220 8232 8267 8270 8290 8292 8294 8308 8315 8323 8330 8340 8369 8377 8381 8393 8406 8409 8429 8465 8484 8522 8528 8539 8573 8583 8608 8623 8624 8647 8653 8670 8688 8719 8750 8788 8868 8915 8936 8944 8975 8997 9028 9040 9186 9190 9218 9229 9258 9298 9378 9575 9608 9624 9635 9646 9655 9765 9770 9781 9791 9798 9822 9830 9842 9862 9870 9872 9897 9907 9917 9994 10009 10053 10082 10119 10167 10196 10199 10206 10223 10293 10300 10335 10341 10362 10367 10378 10445 10450 10456 10459 10482 10506 10521 10547 10580 10610 10641 10647 10736 10762 10768 10775 10892 10963 10998 11006 11047 11056 11058 11151 11161 11201 11205 11215 11232 11265 11284 11321 11330 11352 11370 11390 11394 11407 11457 11509 11535 11539 11589 11616 11622 11669 11673 11734 11749 11751 11752 11753 11767 11834 11853 11892 11903 11965 11970 11982 12029 12060 12072 12083 12093 12102 12107 12129 12163 12175 12198 12229 12294 12332 12341 12344 12345 12358 12363 12377 12383 12414 12415 12426 12427 12551 12562 12568 12569 12571 12642 12643 12677 12679 12699 12708 12716 12730 12757 12803 12815 12818 12820 12828 12832 12856 12858 12875 12889 12897 12948 12958 12988 13006 13021 13026 13044 13074 13112 13131 13196 13201 13218 13273 13291 13309 13347 13369 13394 13399 13401 13439 13467
12224
10845
2477
4899 8948
3884
1988
5 143 208 326 395 438 446 447 484 618 681 770 780 797 804 855 906 917 989 990 1003 1045 1151 1164 1187 1251 1273 1315 1317 1370 1430 1466 1474 1500 1525 1561 1581 1640 1641 1669 1690 1694 1705 1723 1750 1808 1819 1917 1935 2038 2041 2047 2120 2141 2162 2283 2403 2440 2473 2545 2925 2976 2990 3069 3177 3201 3374 3563 3568 3569 3574 3595 3671 3696 4002 4092 4125 4291 4341 4407 4416 4435 4460 4511 4606 4712 4928 5219 5232 5257 5348 5354 5389 5400 5509 5519 5535 5692 5734 5767 5799 5824 5826 5833 5901 5970 5984 5987 6072 6074 6100 6102 6120 6152 6156 6274 6316 6367 6383 6395 6397 6403 6439 6456 6509 6567 6785 6794 6807 6811 6847 6898 6946 7021 7031 7254 7309 7383 7436 7441 7451 7484 7590 7649 7709 7744 7784 7872 7882 7912 8022 8087 8090 8356 8432 8438 8446 8448 8553 8580 8700 8909 8987 9118 9150 9158 9165 9274 9347 9364 9403 9474 9500 9590 9633 9636 9692 9754 9900 9975 10042 10046 10105 10131 10135 10161 10197 10237 10476 10508 10562 10656 10745 10929 10930 10957 11020 11038 11042 11155 11211 11258 11294 11304 11309 11314 11551 11708 11858 11914 11937 11961 11981 11997 12160 12218 12291 12295 12357 12364 12399 12445 12495 12573 12645 12693 12704 12726 12798 12884 12908 12974 12997 13023 13032 13037 13094 13154 13276 13279 13367
18 21 42 43 49 264 268 324 452 469 478 522 523 538 547 571 635 641 727 787 900 952 979 1000 1018 1083 1182 1237 1302 1309 1352 1424 1464 1499 1536 1545 1576 1623 1643 1660 1689 1743 1764 1811 1823 1824 1878 1912 2016 2086 2091 2108 2121 2155 2215 2220 2229 2264 2280 2319 2329 2397 2443 2452 2517 2532 2548 2575 2608 2658 2745 2753 2760 2767 2788 2815 2852 2883 2909 2993 3006 3067 3082 3132 3152 3159 3218 3294 3297 3301 3326 3344 3369 3408 3458 3480 3483 3585 3613 3635 3640 3642 3668 3675 3755 3770 3783 3821 3925 3963 3965 3991 4004 4020 4037 4058 4080 4090 4099 4109 4143 4175 4214 4239 4256 4278 4296 4364 4366 4467 4489 4501 4598 4602 4620 4650 4652 4653 4666 4671 4701 4741 4766 4769 4771 4801 4878 4953 4959 5007 5018 5063 5082 5118 5236 5308 5331 5360 5387 5452 5504 5546 5573 5605 5643 5671 5682 5724 5725 5818 5830 5928 6053 6059 6065 6086 6127 6148 6167 6168 6173 6210 6319 6375 6382 6530 6533 6578 6585 6649 6660 6668 6671 6689 6699 6760 6769 6773 6778 6827 6872 6952 6963 6967 6985 7010 7016 7024 7060 7249 7253 7258 7273 7274 7294 7347 7385 7434 7463 7500 7517 7546 7561 7604 7616 7700 7754 7808 7847 7862 7864 7865 7881 7890 7917 7970 7981 8012 8043 8083 8084 8092 8093 8103 8117 8194 8249 8325 8331 8336 8341 8344 8348 8365 8370 8399 8450 8463 8466 8500 8611 8783 8805 8840 8862 8939 9035 9068 9076 9091 9136 9148 9262 9290 9300 9358 9385 9392 9486 9537 9597 9622 9657 9709 9715 9735 9740 9757 9780 9782 9974 9978 9982 10019 10063 10066 10121 10150 10173 10184 10224 10268 10297 10325 10386 10420 10503 10507 10533 10535 10548 10561 10565 10601 10615 10626 10664 10700 10784 10789 10805 10808 10811 10824 10831 10833 10852 10927 10950 10961 11001 11073 11079 11163 11173 11184 11203 11223 11225 11268 11349 11350 11402 11403 11454 11494 11525 11550 11554 11674 11698 11732 11737 11754 11764 11768 11812 11820 11869 11884 11911 11969 12044 12047 12068 12070 12138 12316 12342 12369 12378 12444 12448 12509 12513 12575 12594 12683 12685 12702 12739 12759 12781 12783 12837 12852 12921 12925 12934 12942 13027 13087 13091 13101 13106 13200 13209 13277 13290 13314 13327 13340 13346 13353 13402 13415 13449 13480 13482
7580
1624 4638
2591 8851
13426
6558 12362 13339
69 120 168 204 257 473 748 1513 1901 2182 2400 2485 3161 3183 3413 3806 3947 4317 4371 4417 4530 4811 4814 5199 5311 5398 5402 5560 5762 5815 5849 5939 6433 6526 6626 6707 6722 6784 6858 7327 7671 7979 8241 8273 8346 8424 8590 8903 9687 9893 9952 10136 10319 10773 10899 10966 11582 11757 11761 11765 12108 12154 12183 13246
10703
12644
11596
1176 6468
8595
6401
12121
747 1919 3399 4649
100
3015
3021
5831
893 4297
28 41 92 109 114 116 119 131 134 157 209 212 296 300 392 397 399 405 415 467 541 558 587 636 671 710 753 778 808 884 903 910 942 985 1015 1028 1056 1155 1183 1198 1206 1261 1265 1326 1327 1343 1414 1438 1482 1508 1530 1575 1580 1594 1605 1646 1704 1710 1794 1830 1859 1860 1889 1891 1913 1928 1998 2000 2037 2071 2073 2107 2168 2298 2310 2351 2402 2426 2434 2474 2506 2523 2572 2595 2639 2650 2657 2688 2701 2758 2803 2813 2858 2885 2939 2951 2970 2998 3109 3111 3124 3261 3270 3290 3386 3390 3418 3489 3490 3502 3512 3532 3591 3616 3623 3626 3630 3646 3661 3664 3707 3713 3717 3857 3883 3903 3911 3917 3945 3960 4007 4048 4084 4088 4124 4138 4152 4167 4191 4246 4248 4254 4261 4265 4281 4314 4330 4333 4351 4433 4468 4483 4550 4622 4635 4721 4739 4740 4746 4753 4762 4812 4915 4935 4948 5035 5046 5122 5128 5129 5148 5166 5205 5231 5234 5243 5255 5286 5300 5334 5379 5466 5483 5511 5527 5532 5543 5574 5578 5609 5623 5644 5686 5691 5773 5785 5809 5912 5962 5988 5992 6099 6123 6137 6157 6179 6262 6272 6291 6298 6302 6314 6360 6381 6409 6425 6430 6466 6469 6475 6525 6528 6540 6573 6602 6729 6744 6775 6819 6830 6833 6911 7006 7083 7128 7163 7168 7169 7183 7206 7213 7272 7278 7303 7320 7409 7412 7488 7507 7537 7557 7569 7576 7593 7597 7607 7643 7645 7651 7653 7667 7682 7714 7747 7767 7822 7831 7880 7921 7942 7972 7985 7996 8001 8057 8073 8126 8137 8198 8204 8212 8272 8275 8321 8326 8357 8445 8452 8481 8524 8527 8530 8551 8584 8682 8697 8736 8762 8775 8867 8952 8955 8956 8964 8973 9038 9086 9111 9173 9204 9233 9333 9348 9365 9397 9402 9480 9518 9574 9620 9630 9645 9681 9783 9789 9801 9819 9840 9865 9882 9925 9934 9936 9984 10043 10049 10117 10147 10168 10238 10270 10328 10427 10430 10466 10496 10558 10586 10593 10621 10642 10650 10674 10683 10699 10732 10777 10924 10939 10975 10985 11010 11023 11068 11077 11081 11085 11115 11165 11216 11220 11245 11295 11322 11356 11361 11363 11411 11413 11484 11517 11544 11573 11588 11591 11601 11614 11624 11646 11657 11660 11695 11711 11728 11775 11780 11804 11806 11818 11821 11880 11885 11898 11967 11998 12069 12076 12182 12200 12254 12330 12382 12400 12443 12478 12506 12507 12554 12648 12651 12669 12686 12931 12982 13014 13025 13210 13234 13311 13337 13473
9738
243
12421
2708
110 135 154 166 198 242 256 271 354 421 425 488 584 594 644 723 730 737 763 785 805 820 839 868 911 919 926 957 974 1017 1142 1144 1156 1165 1170 1222 1238 1295 1318 1443 1445 1484 1522 1555 1745 1769 1864 1870 1906 2010 2061 2072 2095 2101 2118 2175 2242 2275 2290 2324 2334 2356 2407 2415 2455 2463 2476 2502 2512 2553 2649 2695 2732 2744 2785 2797 2861 2864 2884 2945 2962 3025 3061 3116 3145 3217 3259 3268 3334 3389 3392 3410 3415 3429 3459 3479 3505 3519 3576 3596 3604 3691 3712 3794 3799 3808 3844 3845 3847 3902 3971 3987 4033 4257 4334 4336 4509 4521 4573 4577 4582 4592 4616 4663 4683 4691 4706 4759 4886 4925 4934 4987 5006 5026 5029 5040 5073 5130 5136 5164 5190 5285 5323 5381 5537 5583 5585 5588 5607 5620 5642 5647 5694 5825 5862 5867 5871 5917 5923 6051 6091 6104 6142 6181 6204 6242 6315 6317 6393 6476 6478 6480 6502 6613 6640 6682 6837 6851 6881 6943 7023 7109 7140 7158 7275 7313 7378 7424 7447 7464 7467 7493 7615 7655 7695 7749 7781 7866 7965 7988 8030 8068 8077 8098 8107 8209 8260 8288 8383 8403 8469 8502 8541 8547 8548 8550 8631 8652 8685 8717 8724 8737 8846 8874 8880 8881 8917 8994 9021 9025 9255 9278 9286 9291 9317 9401 9422 9477 9495 9529 9533 9610 9616 9654 9695 9701 9702 9856 9869 9911 9942 9996 10006 10081 10102 10124 10186 10212 10226 10240 10248 10280 10327 10375 10470 10512 10551 10575 10622 10623 10639 10673 10680 10709 10719 10728 10771 10820 10848 10876 10891 10977 10995 11015 11134 11141 11169 11170 11199 11224 11252 11292 11331 11371 11425 11479 11540 11557 11565 11603 11627 11644 11662 11797 11836 11871 11954 11979 12035 12041 12053 12268 12284 12307 12323 12353 12366 12406 12431 12450 12452 12477 12572 12593 12611 12675 12687 12740 12807 12827 12863 12876 12903 12968 12996 13060 13153 13183 13211 13220 13302 13317 13396 13431 13434 13478 13484
2857
9252
5688
8885
34 78 133 224 232 259 262 269 371 625 718 752 829 830 890 1067 1119 1133 1139 1228 1244 1293 1298 1339 1376 1392 1447 1627 1736 1788 1875 1904 1927 2067 2080 2252 2306 2475 2497 2510 2576 2675 2773 2776 2786 2832 2836 2871 2900 2911 3126 3260 3368 3407 3416 3597 3631 3643 3666 3714 3760 3763 3765 3782 3787 3824 3935 4074 4117 4139 4162 4232 4245 4272 4358 4429 4475 4506 4526 4563 4569 4629 4717 4834 5027 5065 5113 5181 5218 5220 5339 5434 5446 5592 5713 5757 5796 5811 5888 5897 5946 6005 6075 6077 6220 6296 6301 6373 6503 6504 6564 6700 6721 7015 7064 7250 7292 7518 7544 7548 7628 7686 7703 7786 7932 7963 7974 7999 8056 8128 8184 8217 8376 8509 8513 8656 8694 8711 8761 8764 8766 8960 8970 8991 9134 9230 9288 9686 9792 9905 9949 9970 10071 10074 10178 10258 10304 10468 10497 10738 10742 10903 11005 11007 11065 11219 11420 11451 11726 11730 11748 11805 11939 11996 12244 12350 12394 12549 12606 12695 12795 13108 13191 13207 13336
273
8264
3700
12356
294 320 574 673 693 920 1602 1918 1921 2015 2055 2404 2725 2787 2826 2913 3134 3342 3478 4137 5197 5442 5873 6615 7000 7125 7871 7916 8075 9006 9504 10076 10234 10298 10619 10872 11593 11714 11760 11808 12474 12625 12787 12868 13019
12385
10404
2726
3527
3040 10464
6734
2605
6634 11094 13274
7805 9890
1782
9223
887 3170 11236 12794
2066
6155
9069
53 87 98 173 175 188 202 203 210 217 339 439 448 458 498 526 531 537 561 570 672 694 699 706 733 756 766 773 792 832 846 861 984 993 1009 1016 1094 1117 1126 1150 1181 1190 1213 1247 1264 1271 1323 1341 1342 1359 1371 1391 1404 1412 1425 1448 1476 1487 1493 1511 1527 1537 1553 1569 1589 1591 1598 1631 1665 1671 1687 1724 1726 1749 1804 1816 1826 1834 1898 1923 1940 1948 1953 1967 1970 2131 2137 2206 2209 2228 2287 2296 2323 2346 2401 2496 2603 2607 2612 2618 2641 2646 2652 2735 2777 2799 2801 2820 2845 2940 2978 2988 2989 3004 3043 3059 3104 3107 3119 3123 3138 3147 3156 3166 3174 3195 3199 3242 3274 3276 3288 3296 3302 3306 3314 3324 3332 3356 3385 3405 3412 3501 3513 3517 3567 3679 3680 3684 3693 3726 3743 3751 3754 3757 3762 3768 3802 3816 3828 3840 3862 3871 3942 3955 3972 3977 3982 3988 4095 4110 4161 4215 4241 4311 4375 4395 4400 4442 4514 4552 4578 4583 4591 4599 4640 4675 4688 4723 4735 4743 4751 4822 4824 4911 4920 4956 4968 4975 4993 5012 5045 5072 5089 5096 5114 5146 5155 5162 5169 5172 5183 5186 5225 5246 5268 5275 5316 5321 5340 5350 5392 5397 5447 5448 5449 5461 5463 5492 5594 5597 5629 5684 5697 5707 5722 5745 5751 5752 5753 5865 5947 5956 5977 6031 6054 6107 6164 6172 6205 6206 6228 6234 6235 6249 6320 6347 6450 6483 6485 6492 6536 6545 6569 6576 6579 6586 6604 6618 6636 6644 6680 6703 6725 6732 6797 6806 6818 6846 6863 6873 6880 6892 6897 6939 6948 6972 6981 6987 7028 7032 7052 7061 7071 7086 7090 7108 7111 7148 7205 7268 7306 7323 7328 7358 7437 7472 7487 7489 7491 7504 7505 7516 7533 7571 7635 7679 7704 7720 7745 7792 7796 7797 7803 7824 7842 7859 7869 7877 7922 7935 7961 8070 8105 8125 8131 8143 8231 8240 8244 8318 8394 8419 8483 8503 8504 8512 8531 8543 8561 8569 8570 8589 8598 8600 8629 8714 8744 8779 8782 8795 8808 8811 8816 8828 8842 8849 8850 8856 8888 8916 8925 8942 8951 8971 8983 9033 9084 9143 9157 9168 9187 9197 9234 9243 9284 9293 9302 9310 9359 9362 9368 9390 9414 9439 9453 9455 9508 9526 9551 9609 9631 9677 9685 9755 9799 9809 9818 9832 9839 9863 9909 9919 9933 9951 9968 9988 9995 10085 10109 10123 10158 10169 10204 10221 10230 10257 10266 10351 10382 10428 10448 10462 10471 10475 10477 10582 10597 10616 10633 10675 10678 10682 10689 10753 10850 10866 10920 10932 10967 10989 10996 10999 11017 11019 11025 11054 11059 11084 11235 11274 11286 11317 11348 11355 11391 11470 11562 11581 11585 11638 11685 11715 11718 11739 11781 11822 11843 11902 11915 11925 11968 11984 11991 12012 12045 12063 12071 12155 12157 12169 12170 12226 12235 12250 12288 12303 12314 12360 12379 12434 12440 12447 12449 12461 12483 12501 12529 12540 12557 12597 12603 12608 12621 12637 12673 12706 12723 12755 12772 12779 12785 12789 12801 12810 12895 12940 12984 13033 13042 13079 13100 13130 13133 13150 13170 13203 13224 13255 13259 13331 13333 13352 13359 13393 13412 13414 13463
72 86 93 171 184 277 295 318 321 344 440 471 562 564 580 605 631 638 659 803 853 939 997 1073 1081 1082 1125 1131 1152 1278 1290 1319 1405 1416 1418 1421 1502 1515 1547 1695 1766 1789 1795 1815 1849 1938 1947 1978 2122 2130 2208 2214 2235 2361 2451 2468 2483 2491 2504 2538 2593 2628 2780 2806 2834 2921 2935 2941 2944 2947 2953 3033 3046 3112 3133 3140 3150 3158 3169 3193 3307 3348 3358 3423 3472 3481 3494 3572 3598 3660 3699 3719 3728 3733 3753 3786 3870 3949 3990 3998 4022 4036 4065 4096 4112 4180 4205 4294 4320 4345 4346 4387 4427 4456 4479 4614 4628 4646 4684 4747 4767 4807 4848 4922 4945 4974 4977 5014 5017 5030 5033 5091 5207 5276 5295 5322 5326 5327 5372 5375 5406 5610 5638 5662 5685 5779 5820 5841 5859 5922 5927 5943 5958 6027 6089 6185 6198 6243 6255 6267 6268 6310 6333 6442 6474 6498 6647 6662 6743 6843 6891 6893 6899 6961 6978 6992 7055 7142 7314 7348 7367 7388 7405 7407 7445 7523 7556 7592 7664 7748 7826 7829 7944 8049 8157 8182 8215 8251 8324 8375 8420 8449 8454 8479 8505 8533 8586 8622 8638 8646 8649 8704 8740 8757 8777 8866 9049 9050 9100 9116 9120 9201 9209 9241 9246 9394 9449 9502 9506 9555 9664 9669 9671 9693 9712 9739 9767 9828 9940 9992 10011 10015 10064 10087 10096 10165 10180 10424 10437 10540 10557 10572 10599 10665 10701 10715 10717 10725 10807 10836 10859 10890 10896 10915 10925 10955 10972 11013 11043 11120 11247 11329 11369 11404 11459 11489 11519 11561 11692 11774 11882 11917 11972 11975 12010 12042 12098 12142 12149 12171 12194 12207 12251 12278 12373 12390 12428 12574 12595 12688 12691 12733 12851 12881 12913 12970 13041 13056 13057 13064 13172 13319 13338 13348 13361 13380 13447
11 32 88 94 124 144 213 218 247 267 278 292 333 341 357 361 377 381 482 499 543 576 728 758 768 843 866 888 901 902 904 973 1042 1130 1136 1137 1193 1223 1227 1250 1294 1300 1305 1322 1335 1338 1471 1638 1664 1681 1713 1720 1722 1727 1781 1829 1836 1897 2017 2024 2127 2157 2199 2232 2258 2259 2260 2282 2330 2394 2419 2432 2437 2441 2464 2615 2616 2632 2719 2851 2859 2877 2904 2915 2922 2958 2987 3001 3011 3044 3087 3191 3212 3250 3325 3379 3387 3400 3433 3438 3542 3545 3558 3594 3606 3647 3665 3697 3738 3803 3815 3841 3848 3900 3956 4019 4050 4067 4235 4268 4271 4292 4352 4360 4380 4382 4412 4453 4474 4485 4499 4510 4564 4601 4634 4667 4694 4729 4750 4757 4782 4813 4825 4839 4883 4909 4914 4923 4955 5009 5037 5083 5144 5245 5267 5270 5271 5277 5281 5307 5388 5405 5413 5426 5608 5698 5759 5776 5804 5836 5869 5891 5905 5959 6039 6055 6070 6094 6182 6207 6307 6312 6500 6547 6553 6566 6575 6611 6687 6749 6782 6810 6835 6855 6906 6982 7056 7065 7112 7118 7138 7191 7215 7225 7297 7304 7324 7363 7369 7403 7425 7429 7444 7475 7511 7514 7515 7524 7531 7560 7585 7617 7632 7638 7639 7670 7672 7689 7696 7780 7858 7897 7930 7947 8028 8085 8164 8172 8196 8278 8327 8385 8398 8489 8491 8605 8643 8651 8678 8689 8718 8792 8796 8802 8809 8819 8827 8829 8878 8984 9004 9008 9074 9126 9196 9203 9239 9251 9266 9331 9398 9482 9491 9499 9522 9538 9549 9558 9561 9576 9584 9602 9604 9627 9703 9711 9774 9845 9874 9916 9921 9928 9961 9999 10029 10050 10055 10058 10061 10088 10106 10107 10116 10148 10207 10220 10246 10251 10277 10285 10299 10338 10391 10435 10439 10453 10465 10493 10513 10598 10636 10661 10676 10690 10730 10733 10740 10788 10834 10842 10843 10934 10997 11078 11099 11101 11107 11188 11214 11227 11231 11237 11310 11341 11377 11392 11421 11424 11441 11472 11500 11534 11574 11587 11594 11597 11623 11629 11637 11735 11762 11793 11849 11897 11955 11999 12011 12015 12043 12081 12104 12173 12233 12245 12263 12285 12304 12315 12347 12367 12368 12463 12467 12537 12640 12744 12813 12823 12846 12902 12928 12950 12956 12960 12965 12993 13063 13068 13093 13182 13236 13366 13376 13383
14 107 111 122 152 229 234 252 310 315 367 382 408 419 426 501 540 667 725 932 970 1014 1040 1095 1099 1188 1224 1234 1266 1282 1373 1459 1557 1786 1850 1914 1942 2003 2174 2193 2212 2216 2219 2317 2393 2458 2509 2555 2568 2599 2690 2752 2830 2863 2966 2999 3085 3175 3210 3221 3236 3352 3372 3376 3441 3485 3491 3638 3655 3681 3744 3854 3860 3934 3953 3986 4202 4243 4286 4307 4370 4424 4496 4505 4542 4554 4567 4586 4722 4795 4837 4874 4892 4913 4965 4979 5025 5055 5109 5116 5157 5179 5195 5223 5227 5239 5250 5261 5305 5361 5369 5433 5493 5495 5500 5507 5534 5604 5618 5646 5659 5675 5677 5781 5945 6028 6154 6236 6277 6335 6337 6404 6411 6412 6477 6479 6507 6508 6592 6593 6635 6777 6900 6910 7051 7069 7079 7266 7312 7321 7334 7344 7360 7393 7395 7450 7494 7502 7513 7543 7550 7771 7794 7837 7875 7909 7937 7992 8096 8171 8236 8247 8266 8279 8366 8391 8422 8648 8669 8674 8751 8784 8806 8853 8905 8929 8930 8974 8990 9034 9226 9228 9238 9247 9268 9311 9326 9452 9462 9478 9517 9550 9752 9843 9965 9983 10045 10069 10113 10126 10128 10193 10289 10358 10365 10444 10451 10489 10524 10564 10579 10583 10588 10620 10654 10669 10686 10755 10900 10904 11144 11171 11195 11242 11254 11282 11328 11372 11385 11558 11630 11717 11756 11782 11784 11799 11829 11841 11857 11879 11900 11922 11989 12073 12103 12135 12150 12166 12195 12238 12262 12322 12409 12457 12490 12591 12605 12638 12696 12750 12765 12809 12873 12905 12964 12979 12999 13090 13166 13171 13421
7 45 46 73 81 118 146 156 169 179 282 317 325 347 370 378 480 496 505 509 527 575 577 589 603 637 642 658 695 705 776 782 799 822 858 859 882 918 943 969 1011 1013 1026 1075 1080 1103 1118 1274 1281 1304 1400 1427 1490 1494 1506 1577 1684 1685 1728 1732 1753 1763 1778 1797 1810 1854 1915 1945 1950 2085 2087 2096 2203 2269 2271 2274 2281 2331 2378 2495 2527 2556 2557 2567 2578 2596 2602 2629 2644 2702 2707 2709 2710 2754 2762 2769 2795 2802 2828 2881 2906 2948 2956 2983 2995 3014 3185 3230 3255 3275 3282 3286 3365 3367 3422 3446 3448 3484 3526 3541 3553 3881 3929 4027 4034 4041 4101 4228 4233 4348 4357 4384 4396 4464 4504 4534 4685 4702 4738 4778 4821 4950 4961 4969 4970 4996 5038 5057 5070 5121 5127 5135 5138 5149 5204 5213 5215 5306 5309 5356 5394 5480 5515 5517 5636 5703 5788 5812 5813 5839 5842 5866 5918 5920 5951 5975 5985 6087 6199 6201 6270 6323 6329 6371 6400 6426 6542 6565 6595 6597 6600 6610 6630 6667 6709 6712 6716 6761 6815 6849 6868 6874 6876 6934 6976 7037 7117 7145 7171 7280 7343 7396 7482 7498 7503 7520 7528 7541 7562 7609 7622 7627 7656 7691 7705 7728 7743 7746 7769 7777 7812 7818 7838 7839 7855 7910 7915 7923 7948 7953 8006 8029 8035 8047 8058 8156 8175 8179 8185 8197 8210 8213 8221 8254 8262 8332 8387 8407 8426 8451 8523 8603 8604 8657 8668 8673 8747 8752 8772 8790 8835 8901 8928 8986 9017 9093 9133 9142 9147 9160 9184 9193 9248 9260 9264 9275 9280 9304 9339 9375 9377 9395 9419 9423 9470 9509 9593 9663 9675 9697 9713 9771 9772 9815 9817 9848 9859 9880 9883 9920 9924 9926 9955 9971 9979 10003 10033 10139 10182 10217 10231 10233 10290 10315 10390 10417 10514 10515 10555 10587 10605 10691 10765 10767 10795 10804 10806 10829 10880 10910 10936 11031 11095 11131 11136 11157 11204 11264 11289 11299 11387 11440 11452 11460 11477 11541 11599 11652 11676 11706 11743 11745 11747 11826 11893 11930 11945 11956 11977 12051 12066 12074 12095 12162 12260 12298 12405 12410 12422 12429 12476 12481 12482 12493 12499 12523 12539 12566 12582 12617 12660 12711 12715 12747 12793 12839 12872 12878 12915 12917 12935 12949 12973 13011 13015 13024 13046 13123 13144 13194 13226 13250 13275 13308 13404 13408 13430
37 91 129 137 162 215 283 352 363 495 507 550 559 616 629 761 825 842 923 987 1004 1113 1263 1285 1311 1385 1388 1485 1523 1551 1587 1625 1712 1774 1798 1893 2035 2040 2070 2103 2184 2192 2339 2544 2779 2896 2903 3000 3003 3096 3131 3181 3262 3339 3347 3402 3411 3592 3603 3676 3715 3742 3774 3856 3882 3906 3975 4031 4102 4230 4304 4406 4461 4500 4607 4641 4662 4669 4676 4742 4794 4900 4986 5103 5142 5192 5194 5249 5256 5303 5386 5403 5428 5455 5489 5572 5619 5673 5702 5749 5750 5864 6020 6034 6042 6056 6165 6218 6232 6306 6330 6370 6398 6415 6441 6457 6537 6546 6580 6598 6624 6651 6757 6859 6886 6896 6930 6973 6991 6995 7105 7113 7201 7209 7330 7352 7392 7508 7596 7652 7677 7738 7765 7967 8019 8020 8066 8141 8166 8186 8226 8276 8282 8286 8307 8362 8379 8416 8427 8447 8485 8555 8698 8726 8831 8859 8891 9037 9048 9051 9052 9180 9231 9240 9295 9325 9351 9405 9443 9463 9535 9552 9601 9615 9704 9722 9816 9866 9899 9912 9937 9941 10075 10127 10222 10303 10310 10368 10369 10461 10529 10602 10635 10828 10992 11092 11172 11230 11288 11342 11396 11400 11443 11507 11532 11546 11608 11636 11687 11703 11886 11895 12021 12282 12334 12392 12402 12423 12576 12731 12840 12843 12894 12977 13010 13047 13215 13229 13231 13350 13391 13464 13481
4423
8968
2918
2388
2891
6418 8261
494 546 645 784 806 821 940 1231 2384 2637 2971 4451 4457 4711 4841 4885 6018 6407 6925 7048 8442 8879 9332 9649 9716 9879 9903 10918 11435 12112
11944
3105 3215 5567
6970
3425 12971
2125 13310
8337
12167
5377
11186
13272
1355 2640 2764 3322 3939 5185 6840 6879 8845 10537 11036 12329 12904 13002 13213 13483
31 40 68 138 192 250 284 305 322 332 508 581 596 651 685 732 798 827 828 854 875 877 898 907 921 938 977 996 1010 1054 1059 1186 1219 1258 1291 1301 1310 1413 1451 1461 1495 1498 1540 1541 1582 1613 1621 1653 1718 1731 1735 1756 1783 1902 1920 1936 1968 1977 1984 1997 2002 2088 2177 2178 2183 2189 2191 2236 2255 2307 2312 2347 2355 2368 2380 2447 2524 2558 2564 2565 2610 2687 2718 2736 2873 2882 3024 3052 3072 3083 3144 3211 3213 3267 3279 3281 3283 3310 3316 3321 3406 3432 3435 3462 3487 3530 3554 3579 3709 3758 3776 3861 3957 4026 4059 4212 4213 4216 4226 4266 4279 4289 4377 4422 4448 4473 4484 4517 4536 4545 4557 4572 4658 4720 4727 4780 4891 5016 5019 5042 5056 5143 5163 5189 5191 5196 5240 5351 5396 5411 5412 5491 5664 5690 5729 5730 5840 5893 5953 5983 6015 6025 6040 6088 6115 6136 6141 6223 6259 6328 6336 6342 6448 6454 6493 6583 6633 6643 6670 6676 6678 6688 6694 6705 6786 6792 6803 6809 6817 6865 6878 6903 7094 7100 7154 7182 7187 7239 7281 7283 7291 7308 7331 7355 7373 7418 7469 7477 7479 7509 7586 7588 7706 7737 7757 7760 7788 7905 7926 7946 7954 7957 7969 8121 8283 8312 8342 8352 8382 8558 8597 8618 8625 8667 8741 8763 8876 8927 8941 8963 9023 9046 9063 9064 9101 9104 9106 9211 9424 9503 9510 9578 9586 9648 9699 9787 9795 9868 9884 9927 9986 10000 10016 10023 10142 10145 10232 10245 10311 10318 10393 10467 10568 10571 10596 10655 10743 10837 10865 10875 10949 10960 10971 10987 11009 11029 11034 11037 11040 11076 11213 11256 11279 11285 11346 11520 11522 11524 11527 11560 11575 11678 11679 11716 11727 11744 11755 11811 11831 11860 11995 12032 12057 12062 12124 12132 12151 12220 12240 12266 12321 12333 12416 12514 12528 12545 12592 12596 12604 12655 12741 12838 12864 12869 12900 12951 12957 12987 13020 13022 13058 13072 13099 13118 13147 13179 13235 13288 13364 13410 13435 13452 13456
8767
2747
84 270 309 506 551 813 814 1162 1387 1423 1488 1821 2262 2354 2411 2680 2742 2791 2805 2829 3080 3121 3514 3552 3820 3880 4015 4023 4030 4040 4211 4225 4250 4327 4365 4613 4615 4677 4851 4853 4927 5131 5800 5996 6071 6084 6145 6233 6449 6529 6619 6720 6765 6805 6820 6937 6938 6956 6979 7026 7074 7231 7237 7408 7768 8011 8167 8200 8554 8557 8712 8733 8798 9216 9305 9323 9589 9729 9742 9805 9807 9959 10218 10247 10336 10374 10387 10416 10534 10567 10577 10781 11158 11207 11270 11362 11632 11844 12024 12026 12227 12293 12561 12639 12652 12732 12862 12983 13185 13324 13417
314
6642
3710 10394
8843
4946
3503 4826 6109
10091
1761 11275 12570
50 99 139 164 165 167 200 274 290 297 355 380 468 485 489 515 533 539 553 579 585 608 628 649 669 683 691 707 740 755 759 774 779 800 815 833 838 947 948 954 986 1027 1039 1098 1171 1184 1195 1324 1350 1353 1365 1455 1481 1532 1565 1572 1612 1654 1656 1675 1679 1721 1737 1755 1771 1793 1799 1825 1828 1833 1841 1845 1863 1869 1872 1960 2008 2014 2023 2025 2039 2058 2069 2082 2090 2098 2099 2172 2200 2217 2230 2241 2261 2363 2365 2366 2373 2396 2431 2438 2457 2462 2529 2552 2579 2631 2712 2751 2812 2818 2840 2846 2923 2927 2943 2952 2965 3007 3073 3075 3077 3079 3088 3102 3207 3216 3273 3470 3492 3498 3543 3544 3549 3627 3652 3686 3687 3729 3730 3739 3761 3792 3798 3858 3867 3885 3901 3909 3950 3978 4018 4024 4056 4089 4166 4194 4207 4253 4273 4284 4287 4315 4321 4393 4401 4404 4420 4438 4488 4503 4507 4508 4535 4594 4603 4656 4710 4734 4752 4792 4866 4871 4895 4904 4907 4924 4938 4949 4973 4981 4999 5023 5058 5075 5076 5154 5161 5174 5206 5252 5259 5315 5318 5320 5335 5382 5479 5501 5555 5568 5577 5581 5595 5612 5617 5627 5669 5705 5741 5755 5756 5758 5803 5821 5848 5857 5861 5892 5925 5952 6011 6057 6061 6064 6076 6090 6098 6112 6135 6147 6195 6217 6230 6239 6309 6354 6356 6392 6410 6431 6437 6447 6455 6472 6516 6518 6544 6572 6608 6623 6638 6639 6641 6650 6663 6695 6742 6776 6779 6780 6856 6885 6890 6894 6944 6954 6971 7019 7134 7144 7150 7186 7208 7220 7248 7293 7336 7350 7354 7372 7455 7466 7474 7485 7566 7578 7608 7625 7673 7725 7735 7751 7753 7785 7813 7844 7850 7883 7894 7920 7924 7956 7959 8005 8009 8016 8017 8033 8101 8110 8163 8248 8252 8253 8256 8269 8277 8287 8289 8319 8360 8374 8392 8395 8437 8455 8470 8508 8521 8565 8614 8635 8637 8641 8666 8686 8691 8699 8793 8801 8821 8830 8875 8904 8919 8985 9039 9054 9072 9098 9175 9181 9183 9199 9217 9221 9227 9315 9330 9356 9366 9372 9374 9386 9396 9429 9438 9440 9571 9605 9617 9644 9679 9745 9759 9813 9838 9851 9855 9914 9931 10018 10028 10120 10191 10279 10295 10377 10402 10410 10411 10434 10436 10490 10491 10554 10604 10618 10628 10644 10692 10705 10727 10729 10774 10782 10786 10794 10817 10819 10893 10907 10931 10993 11011 11064 11087 11226 11238 11246 11277 11313 11378 11382 11438 11439 11445 11449 11463 11466 11505 11512 11533 11572 11598 11600 11628 11641 11664 11667 11668 11677 11688 11721 11763 11766 11769 11770 11778 11788 11813 11839 11840 11847 11859 11872 11873 11875 11878 11942 11963 12005 12046 12088 12089 12096 12099 12100 12116 12122 12127 12177 12217 12257 12336 12343 12349 12352 12371 12372 12387 12438 12441 12518 12525 12538 12610 12632 12656 12718 12800 12805 12822 12825 12834 12835 12844 12848 12855 12893 12930 12994 13005 13009 13049 13084 13085 13086 13105 13117 13140 13159 13164 13174 13176 13184 13243 13256 13293 13297 13356 13360 13390 13405 13451 13469 13475
1036 2526 4906 6783 9336 10316 12249 12746 13440
6049 11559
12653
10614
16 60 142 147 176 180 186 225 233 244 249 368 449 454 470 510 622 680 862 897 944 959 1005 1138 1168 1229 1257 1269 1367 1390 1408 1429 1475 1586 1590 1593 1658 1670 1696 1716 1734 1832 1846 1966 1974 1990 2001 2012 2046 2048 2202 2268 2288 2382 2392 2456 2525 2597 2694 2717 2750 2789 2811 2905 2917 3054 3084 3095 3101 3151 3229 3264 3303 3362 3366 3471 3476 3488 3587 3602 3639 3702 3747 3791 3827 3851 3853 3873 3905 3944 3951 4029 4053 4054 4107 4179 4217 4218 4276 4285 4293 4318 4359 4379 4405 4431 4625 4630 4645 4678 4816 4872 4877 4939 4952 4957 5008 5041 5044 5167 5193 5198 5210 5247 5254 5265 5269 5279 5313 5430 5524 5565 5606 5720 5726 5793 5874 5876 5877 6080 6093 6106 6227 6256 6275 6361 6423 6512 6535 6570 6627 6637 6657 6681 6710 6764 6826 6867 6905 6907 6950 6975 6994 7005 7063 7068 7081 7175 7316 7384 7640 7690 7724 7731 7739 7758 7801 7815 7887 7888 7903 7907 7914 7931 7950 7990 8095 8114 8148 8161 8300 8302 8335 8378 8400 8460 8473 8495 8506 8571 8587 8610 8645 8664 8706 8710 8756 8857 8871 8873 8892 8995 9000 9029 9087 9094 9108 9117 9121 9129 9154 9159 9214 9219 9265 9349 9376 9410 9523 9524 9567 9588 9621 9659 9680 9700 9714 9717 9748 9784 9858 9877 9944 9950 9972 10038 10092 10093 10098 10100 10159 10256 10272 10313 10333 10340 10348 10376 10426 10501 10543 10591 10648 10706 10867 10873 10901 11180 11183 11194 11210 11260 11409 11417 11513 11611 11699 11741 11801 11824 11830 11850 11851 11888 11896 11958 11971 12006 12016 12031 12036 12050 12153 12232 12237 12272 12290 12306 12311 12326 12577 12609 12725 12743 12761 12773 12774 12799 12849 12888 12938 12980 13028 13098 13132 13135 13173 13175 13180 13202 13212 13223 13241 13249 13307 13372 13379 13382 13392
11212
956 1674 7120 7454 8723 10032 10645
1958
2531 6160 9580 10625
70 831 1369 1520 1655 2609 2765 2875 2910 2942 3094 3560 3727 3785 4491 4519 5141 5514 5969 6035 6124 6909 7204 7368 7423 7471 7582 7711 7741 8026 8208 8316 9146 9309 9673 10203 10255 10366 10397 10484 10494 10720 11097 11160 11526 11920 12018 12335 13280
101 103 104 128 251 304 337 338 391 514 528 530 534 552 652 675 716 818 847 876 878 933 1006 1023 1047 1090 1216 1267 1374 1422 1483 1512 1585 1608 1620 1673 1776 1843 1886 1908 1973 2050 2109 2180 2211 2251 2316 2326 2369 2405 2442 2470 2486 2537 2586 2622 2633 2645 2665 2681 2697 2705 2770 2839 2876 2897 2930 2946 3016 3039 3042 3142 3162 3180 3239 3249 3320 3327 3336 3338 3345 3450 3499 3506 3611 3656 3662 3670 3772 3795 3811 3869 3892 3924 3973 4066 4073 4075 4077 4083 4100 4106 4134 4195 4198 4221 4262 4274 4299 4369 4388 4402 4524 4531 4555 4617 4623 4637 4840 4879 4896 4926 4941 4980 4989 5108 5115 5137 5145 5317 5395 5529 5550 5587 5599 5600 5603 5727 5858 5995 6043 6159 6180 6192 6241 6254 6519 6521 6588 6609 6625 6718 6799 6804 6828 6862 6913 6919 6928 6936 6960 6997 7070 7076 7099 7139 7147 7161 7240 7241 7276 7287 7415 7449 7468 7473 7547 7693 7707 7789 7790 7817 7854 7876 7885 7889 7980 7989 7991 8162 8178 8388 8408 8494 8567 8585 8588 8676 8760 8797 8993 9032 9036 9059 9062 9112 9114 9272 9318 9324 9399 9415 9556 9613 9674 9708 9723 9730 9737 9763 9831 9906 9908 9962 9967 9980 10027 10068 10089 10263 10309 10421 10443 10488 10505 10573 10607 10611 10631 10646 10663 10815 10827 10882 10886 10959 11028 11114 11123 11128 11133 11147 11266 11290 11305 11320 11337 11358 11360 11414 11516 11536 11621 11701 11838 11846 11877 11933 12009 12152 12161 12168 12178 12180 12256 12308 12320 12404 12424 12460 12486 12502 12519 12522 12546 12563 12635 12654 12703 12762 12865 12946 13078 13143 13244 13252 13357 13363 13462
5374
4713
2 9 26 65 90 185 261 275 349 356 385 388 422 477 542 583 607 647 692 704 741 742 791 811 849 863 909 980 1024 1030 1043 1123 1124 1128 1149 1270 1325 1333 1337 1349 1356 1382 1410 1415 1468 1510 1524 1567 1592 1647 1676 1730 1787 1792 1883 1916 1954 1957 1985 2027 2029 2036 2102 2133 2218 2245 2313 2364 2387 2413 2501 2515 2520 2554 2600 2614 2739 2816 2831 2833 2894 2928 2957 2979 2980 3063 3155 3203 3206 3284 3329 3396 3509 3548 3550 3619 3669 3685 3796 3836 3876 3896 3936 4008 4070 4114 4136 4140 4298 4302 4367 4399 4415 4520 4533 4624 4670 4695 4708 4714 4732 4774 4776 4790 4806 4815 4850 4863 4867 4880 4905 4937 4972 4976 5052 5064 5093 5176 5244 5283 5290 5332 5341 5445 5453 5456 5462 5490 5502 5538 5552 5596 5601 5614 5622 5648 5746 5838 5843 5852 5886 5896 5950 5954 5961 5972 5973 5994 6007 6063 6069 6073 6108 6128 6174 6184 6188 6196 6251 6287 6391 6432 6482 6491 6515 6556 6584 6601 6738 6747 6753 6871 6959 6998 7003 7034 7041 7174 7207 7242 7251 7310 7391 7439 7512 7538 7634 7688 7715 7798 7848 7868 7892 7899 7908 8060 8146 8165 8173 8188 8189 8339 8350 8373 8401 8428 8430 8457 8487 8493 8507 8660 8759 8838 8912 8972 8980 9001 9003 9047 9067 9075 9095 9123 9202 9212 9270 9276 9299 9328 9343 9393 9406 9531 9582 9599 9600 9607 9612 9623 9628 9668 9750 9760 9847 9850 9895 9918 9943 9998 10017 10034 10037 10040 10047 10149 10190 10249 10252 10312 10414 10500 10510 10600 10677 10696 10721 10757 10809 10854 10858 10883 10913 10962 10964 11113 11117 11118 11249 11255 11263 11300 11326 11433 11482 11523 11643 11650 11733 11750 11783 11789 11827 11867 11874 11887 11938 11983 11990 12037 12056 12059 12114 12118 12140 12159 12225 12273 12289 12397 12418 12511 12512 12516 12542 12552 12590 12619 12628 12671 12697 12710 12736 12797 12833 12907 12919 13001 13141 13225 13233 13240 13284 13316 13385 13448
12 36 48 67 96 155 170 219 227 260 293 311 328 445 479 503 535 536 572 593 595 734 767 772 837 879 886 930 935 937 967 975 981 1012 1029 1033 1078 1087 1096 1180 1212 1230 1384 1386 1389 1397 1452 1462 1616 1662 1691 1700 1738 1773 1840 1929 1983 1994 2053 2056 2115 2117 2151 2153 2154 2187 2286 2297 2304 2518 2542 2588 2619 2620 2761 2895 2914 2985 3045 3220 3331 3340 3371 3457 3534 3609 3658 3779 3812 3898 3907 3954 4001 4028 4038 4277 4305 4337 4344 4361 4378 4430 4434 4471 4495 4515 4538 4559 4642 4657 4705 4777 4779 4819 4864 4947 4984 5003 5028 5051 5099 5101 5140 5173 5177 5260 5287 5304 5338 5357 5363 5371 5384 5390 5436 5440 5451 5651 5687 5696 5885 5904 5936 5965 5986 6004 6026 6082 6085 6111 6264 6265 6285 6332 6380 6499 6520 6538 6563 6622 6813 6888 7033 7045 7091 7136 7214 7222 7257 7346 7419 7606 7675 7750 7795 7856 7861 7902 7929 7983 7994 8003 8013 8018 8063 8100 8138 8190 8245 8280 8298 8313 8329 8358 8396 8529 8532 8556 8633 8687 8786 8817 8824 8858 8872 8931 8947 8977 8978 8988 9002 9018 9056 9090 9153 9155 9200 9236 9271 9289 9294 9320 9355 9391 9450 9511 9512 9562 9577 9625 9626 9728 9746 9796 9826 9958 10062 10099 10122 10155 10214 10229 10260 10329 10349 10353 10357 10385 10432 10487 10536 10563 10702 10746 10748 10750 10763 10791 10798 10847 10894 10908 10917 10988 11002 11046 11088 11100 11129 11262 11271 11302 11307 11395 11397 11468 11483 11491 11504 11547 11568 11570 11604 11642 11663 11666 11682 11691 11724 11771 11790 11791 11890 11912 12219 12222 12228 12305 12338 12417 12536 12547 12578 12607 12626 12698 12850 12906 12927 12945 13045 13051 13089 13114 13152 13156 13163 13187 13206 13268 13287 13299 13303 13325 13328 13400 13432
4374
802 1189 1283 1449 1650 2263 2561 2869 3304 3629 4355 4697 5102 6229 7102 7364 7490 8147 8823 8937 10189 10215 10539 11217 12078 12210 12255 12682 13395 13441
6947
11428
12646
3893
4690
10007 13407
2713 3200
3711
52 178 183 194 265 287 301 340 359 398 404 407 544 578 624 771 834 899 913 941 962 991 1088 1091 1092 1093 1100 1141 1218 1252 1307 1363 1437 1442 1469 1489 1556 1562 1634 1791 1806 1817 1865 1890 1934 1975 1981 2030 2111 2135 2152 2161 2176 2247 2248 2249 2375 2379 2385 2399 2412 2424 2427 2444 2467 2471 2511 2530 2589 2613 2663 2698 2699 2727 2729 2774 2790 2810 2823 2827 2977 3012 3035 3164 3179 3184 3198 3233 3330 3349 3382 3455 3516 3520 3565 3566 3575 3628 3718 3842 3865 3874 3915 3919 4060 4082 4093 4113 4130 4141 4160 4168 4178 4185 4190 4242 4339 4354 4368 4376 4414 4419 4447 4463 4498 4516 4537 4547 4556 4588 4612 4687 4693 4703 4730 4737 4749 4800 4919 5092 5098 5119 5203 5274 5282 5302 5319 5352 5385 5393 5458 5459 5471 5478 5530 5541 5548 5554 5580 5626 5652 5714 5721 5728 5731 5832 5878 5903 6033 6050 6095 6096 6221 6369 6374 6413 6428 6486 6555 6577 6673 6750 6788 6795 6796 6864 6889 6984 7022 7053 7106 7107 7189 7223 7233 7263 7264 7329 7335 7394 7431 7453 7459 7460 7495 7496 7525 7567 7602 7619 7659 7687 7755 7772 7773 7779 7800 7827 7835 7841 7893 7898 7918 8034 8045 8062 8089 8091 8115 8116 8183 8222 8361 8363 8384 8423 8434 8461 8468 8477 8492 8497 8535 8546 8549 8572 8575 8579 8582 8620 8662 8665 8693 8769 8803 8804 8815 8832 8863 8899 8908 9042 9061 9077 9085 9096 9113 9115 9138 9141 9170 9189 9195 9254 9277 9297 9346 9431 9451 9454 9493 9496 9514 9539 9554 9592 9618 9651 9652 9769 10036 10097 10274 10282 10292 10314 10321 10343 10355 10399 10406 10419 10425 10492 10499 10523 10526 10544 10584 10589 10590 10609 10638 10640 10660 10752 10902 10922 10938 10947 10965 10984 11018 11067 11104 11137 11150 11336 11419 11493 11538 11542 11563 11564 11571 11584 11607 11610 11625 11635 11653 11672 11675 11681 11693 11725 11772 11814 11817 11825 11918 11988 12007 12014 12023 12049 12061 12079 12090 12094 12120 12164 12206 12212 12221 12302 12318 12340 12386 12388 12446 12454 12464 12500 12532 12535 12556 12560 12618 12629 12634 12647 12659 12676 12694 12705 12709 12734 12792 12802 12808 12859 12887 12952 12991 13083 13124 13158 13198 13228 13358 13406 13459
5735
2225
11324
7054
11800
2696
786
10210 13424
2804
10356 12796
7411 8074 13195 13260
4 77 82 221 240 255 279 298 346 360 374 383 384 462 472 609 612 630 653 655 662 696 711 720 750 824 881 927 998 1055 1065 1071 1102 1114 1116 1177 1239 1411 1431 1478 1538 1566 1596 1597 1618 1648 1657 1663 1666 1708 1719 1784 1837 1847 1852 1882 1959 1964 1965 2034 2188 2227 2250 2301 2308 2358 2436 2459 2460 2466 2522 2587 2627 2682 2722 2782 2844 2890 2902 2931 2950 2975 3143 3153 3214 3223 3244 3378 3393 3426 3443 3444 3453 3581 3586 3605 3771 3793 3797 3805 3920 3941 3979 3983 4042 4044 4078 4121 4129 4171 4174 4201 4210 4270 4283 4319 4343 4349 4458 4465 4561 4639 4681 4715 4724 4731 4846 4881 4887 4901 4903 4963 4985 5001 5024 5053 5087 5126 5165 5314 5325 5383 5485 5544 5558 5562 5566 5613 5670 5787 5792 5810 5846 5938 5998 6021 6023 6092 6126 6150 6263 6294 6334 6359 6419 6488 6607 6628 6659 6684 6685 6701 6723 6727 6781 6854 6883 7017 7078 7101 7114 7198 7226 7235 7296 7318 7341 7349 7371 7397 7427 7456 7458 7530 7564 7629 7661 7787 7821 7867 7936 7941 7998 8023 8036 8048 8050 8053 8064 8094 8155 8192 8199 8227 8246 8271 8296 8305 8353 8354 8413 8453 8458 8545 8568 8612 8721 8722 8749 8787 8839 8884 8893 8932 8940 8950 8981 9055 9097 9132 9149 9152 9164 9179 9257 9285 9296 9319 9427 9428 9464 9528 9534 9563 9568 9569 9594 9637 9725 9849 9853 9888 9948 9963 9969 10094 10129 10152 10294 10317 10383 10388 10396 10400 10479 10481 10517 10549 10552 10574 10657 10741 10744 10747 10749 10855 10871 10898 10912 10914 10954 10973 11021 11055 11066 11086 11110 11121 11261 11269 11273 11306 11365 11373 11374 11384 11389 11412 11448 11553 11592 11654 11658 11665 11787 11832 11904 11921 11927 11935 11950 12004 12008 12040 12115 12197 12211 12241 12267 12359 12412 12614 12615 12650 12665 12737 12758 12782 12821 12857 12879 12962 13048 13128 13189 13192 13263 13320 13335 13345 13355 13461
1200 10302 12819 12961
2991
3037 7011
5634
7825
9030
1001 5908
115 281 1166 1486 2571 2819 4513 4844 4942 5248 5362 5828 7119 7519 9019 9519 11024 11792 11864 11865 12943
11503
12234
33 35 39 207 313 582 620 632 689 744 801 807 925 1034 1140 1332 1433 1842 1853 1874 2057 2079 2110 2336 2389 2590 2635 2740 2808 2821 2933 2937 3160 3182 3196 3251 3265 3272 3318 3377 3723 3829 4316 4373 4566 4803 4861 5010 5068 5208 5296 5427 5441 5582 5640 5678 5770 5906 5930 5966 6162 6325 6350 6467 6549 6612 6666 6787 6822 6857 6914 6977 7130 7176 7185 7200 7697 7774 7973 8015 8097 8160 8293 8299 8402 8496 8634 8729 8732 8914 8935 9088 9161 9434 9469 9490 9507 9565 9747 9854 9977 10010 10078 10146 10164 10195 10202 10301 10352 10364 10373 10542 10722 10754 10919 10944 10948 11035 11103 11354 11426 11531 12087 12133 12355 12534 12756 12768 12941 12981 13031 13169 13239 13242 13245 13477
5706 9014
11083
13092
24 54 55 56 75 112 123 182 193 206 235 280 373 379 490 598 617 646 648 749 760 777 783 844 851 891 1019 1049 1112 1159 1194 1210 1217 1299 1434 1436 1450 1683 1757 1759 1775 1844 1881 1937 1980 2006 2078 2147 2164 2186 2194 2246 2314 2335 2383 2430 2499 2505 2539 2669 2674 2716 2793 2835 2853 2862 2919 2932 2955 3028 3047 3066 3128 3171 3305 3353 3394 3436 3464 3584 3641 3645 3682 3692 3716 3722 3731 3838 3849 3855 3859 3918 3962 3996 4097 4150 4153 4163 4164 4165 4182 4227 4259 4260 4288 4372 4386 4410 4449 4492 4529 4549 4754 4831 4868 4936 4983 4990 5039 5105 5153 5156 5175 5221 5228 5264 5399 5473 5476 5518 5525 5549 5556 5561 5593 5625 5628 5630 5655 5657 5663 5667 5668 5708 5761 5774 5823 5845 5855 5907 5914 5981 5999 6003 6041 6052 6130 6132 6134 6191 6208 6225 6231 6339 6343 6385 6420 6434 6496 6517 6523 6574 6614 6715 6737 6774 6949 7077 7088 7096 7098 7103 7155 7190 7227 7260 7322 7379 7399 7404 7461 7536 7577 7584 7650 7680 7740 7806 7845 7851 7852 7911 7993 8191 8343 8474 8626 8663 8735 8800 8852 9073 9079 9125 9151 9166 9220 9224 9263 9327 9340 9382 9421 9426 9446 9460 9484 9515 9516 9543 9544 9611 9619 9666 9688 9691 9726 9751 9935 10024 10070 10077 10086 10125 10141 10154 10172 10175 10198 10201 10211 10219 10332 10384 10485 10502 10504 10509 10516 10578 10708 10797 10937 11033 11070 11098 11124 11142 11287 11293 11327 11340 11353 11410 11436 11475 11618 11690 11719 11842 11926 11952 11957 12028 12134 12145 12185 12301 12312 12313 12317 12328 12331 12365 12411 12425 12553 12581 12583 12587 12630 12657 12668 12692 12745 12770 12786 12866 13007 13151 13197 13216 13278 13318 13381 13398 13427
3165
11393
66 85 327 410 414 432 441 463 493 517 520 556 615 656 687 698 867 1053 1121 1135 1161 1196 1243 1256 1473 1544 1583 1697 1839 1851 1963 2084 2138 2243 2374 2453 2533 2594 2623 2743 2880 2961 2963 2973 2996 3056 3120 3222 3227 3263 3308 3357 3363 3381 3440 3496 3651 3740 3819 3897 3916 3928 3931 3994 4014 4076 4115 4135 4186 4193 4263 4325 4328 4356 4454 4610 4725 4764 4988 5069 5094 5202 5355 5359 5431 5454 5457 5465 5563 5590 5624 5739 5844 5909 5935 5993 6029 6118 6238 6246 6283 6353 6372 6376 6408 6424 6470 6484 6645 6869 6916 6951 6993 7007 7020 7043 7211 7255 7470 7534 7554 7558 7654 7802 7968 8079 8109 8177 8314 8405 8478 8515 8613 8627 8632 8636 8681 8753 8870 8895 8943 8946 8953 9089 9177 9232 9269 9313 9342 9494 9501 9540 9583 9658 9727 9741 9812 9844 9864 9990 10030 10108 10283 10330 10339 10413 10438 10556 10559 10612 10826 10838 10841 10878 10969 11057 11139 11146 11168 11185 11196 11218 11250 11312 11325 11376 11444 11450 11480 11488 11490 11723 11729 11785 11992 12017 12019 12106 12139 12141 12184 12199 12205 12389 12395 12439 12462 12472 12492 12521 12601 12763 12817 12836 12920 12932 12966 12998 13109 13119 13205 13222 13227 13251 13254 13285 13286 13326 13329 13334 13389 13446
9929 10982
4835
6278
5060
2190
4660
8304
130 151 231 258 403 465 521 640 697 729 765 781 826 845 850 1021 1032 1046 1050 1063 1068 1197 1289 1394 1396 1432 1477 1509 1558 1707 1711 1747 1868 1944 2300 2362 2371 2417 2500 2514 2535 2566 2582 2734 2771 2994 2997 3010 3018 3027 3208 3360 3414 3421 3518 3540 3583 3621 3644 3683 3810 3863 3948 4045 4148 4208 4229 4258 4264 4306 4392 4450 4480 4543 4560 4574 4655 4845 4897 4931 4971 5031 5124 5222 5342 5346 5464 5579 5653 5665 5733 5816 5850 5856 5872 5875 6009 6068 6140 6149 6357 6436 6465 6510 6571 6620 6686 6741 6759 6802 6841 6842 6877 7036 7104 7143 7156 7219 7234 7390 7416 7422 7521 7594 7610 7621 7626 7732 7763 7776 7840 7895 8021 8025 8102 8111 8119 8158 8159 8223 8310 8418 8421 8439 8462 8482 8490 8526 8537 8707 8720 8725 8877 8890 8958 9130 9222 9237 9242 9287 9404 9433 9457 9471 9476 9603 9660 9694 9773 9875 9956 10083 10138 10275 10433 10530 10651 10667 10670 10756 10761 10799 10864 10942 10979 11008 11026 11106 11208 11316 11364 11508 11704 11740 11786 11798 12085 12117 12125 12137 12174 12202 12579 12602 12622 12624 12641 12670 12764 12806 12824 12861 12954 12969 13157 13208 13248 13281 13413 13419 13422 13438 13443 13460
6 25 125 174 191 201 241 248 285 319 343 443 486 532 567 614 660 745 762 764 812 889 928 976 992 1111 1157 1167 1174 1185 1240 1277 1313 1362 1378 1395 1409 1435 1517 1571 1644 1659 1686 1805 1822 1827 1879 1922 1956 1982 1999 2018 2081 2124 2132 2159 2171 2205 2207 2224 2237 2272 2345 2377 2395 2408 2409 2482 2598 2604 2617 2624 2634 2643 2677 2678 2684 2720 2737 2798 2954 2982 3036 3058 3076 3118 3135 3136 3157 3172 3176 3202 3311 3315 3454 3467 3535 3551 3578 3620 3648 3708 3769 3788 3832 3879 3913 3989 4003 4006 4032 4145 4149 4155 4199 4220 4224 4231 4238 4310 4383 4398 4539 4709 4772 4817 4838 4857 4889 4916 4997 5293 5310 5347 5367 5410 5443 5469 5477 5482 5523 5526 5584 5611 5661 5680 5772 5807 5819 5853 5863 5890 5932 5933 5974 6110 6151 6187 6197 6248 6290 6326 6366 6387 6463 6527 6548 6562 6594 6674 6677 6693 6698 6746 6793 6801 6808 6838 6853 6953 6999 7084 7127 7166 7177 7184 7229 7243 7262 7270 7432 7527 7572 7579 7694 7708 7719 7734 7761 7762 7778 7804 7843 7945 7964 7986 7995 8000 8040 8135 8207 8230 8237 8347 8372 8380 8390 8404 8436 8467 8514 8534 8599 8661 8692 8739 8743 8768 8813 8841 8865 8989 8996 9005 9057 9172 9210 9321 9337 9367 9408 9416 9417 9566 9579 9587 9672 9707 9721 9731 9804 9810 9829 9846 9904 9932 9939 9960 9993 9997 10170 10177 10288 10307 10322 10361 10363 10447 10486 10520 10528 10553 10606 10634 10672 10735 10822 10889 10935 10943 10951 10958 11027 11072 11091 11108 11112 11176 11189 11241 11301 11338 11339 11359 11381 11487 11497 11807 11816 11819 11823 11862 11908 11928 11949 11960 12000 12075 12082 12091 12111 12144 12147 12172 12193 12201 12309 12375 12381 12398 12403 12489 12504 12517 12778 12790 12791 12831 12867 12870 12901 12911 12939 13040 13065 13127 13139 13177 13190 13199 13214 13262 13264 13292 13304 13313 13377 13450
3521
13126
11447
7008 8214
2185 4860
97 158 335 364 369 402 591 611 663 664 686 810 816 950 951 960 971 982 1002 1007 1101 1393 1440 1457 1550 1604 1678 1754 1802 1838 1896 1991 2065 2089 2179 2239 2265 2278 2302 2416 2433 2439 2465 2534 2569 2606 2625 2651 2666 2763 2854 2920 3041 3115 3125 3178 3219 3225 3240 3291 3343 3359 3403 3456 3500 3547 3559 3582 3601 3624 3745 3780 3868 3959 3966 4010 4118 4176 4192 4197 4200 4234 4335 4363 4411 4481 4490 4522 4562 4604 4773 4783 4799 4855 5329 5366 5437 5533 5539 5547 5641 5700 5704 5709 5710 5764 5827 5926 5978 6101 6105 6177 6216 6222 6240 6247 6279 6345 6414 6473 6490 6501 6551 6606 6658 6692 6812 6832 6957 6969 6988 7012 7039 7044 7072 7073 7092 7421 7480 7481 7574 7603 7624 7646 7685 7698 7716 7793 7846 7927 8052 8081 8082 8108 8134 8168 8320 8411 8435 8516 8519 8559 8630 8644 8774 8883 8913 9011 9031 9078 9144 9162 9208 9281 9312 9322 9338 9344 9380 9407 9425 9459 9488 9527 9553 9606 9647 9676 9696 9705 9753 9814 9861 9915 10022 10110 10134 10144 10271 10566 10576 10632 10668 10688 10780 10835 10849 10911 10945 11012 11060 11063 11119 11182 11192 11318 11545 11619 11661 11702 11720 11891 11934 11943 11951 12258 12287 12374 12451 12484 12505 12586 12620 12636 12667 12701 12826 12853 12918 12955 12992 13017 13030 13069 13116 13145 13298 13306 13341 13388 13474
7637
6514 9852
3 62 71 161 187 238 253 272 288 358 387 413 442 451 460 491 513 588 626 677 840 871 872 874 912 1058 1060 1072 1085 1115 1169 1205 1215 1221 1235 1236 1334 1360 1398 1402 1463 1528 1549 1579 1615 1617 1636 1682 1709 1746 1814 1857 1892 1899 1931 1972 1996 2011 2020 2028 2032 2044 2075 2112 2114 2123 2169 2181 2279 2289 2332 2372 2386 2390 2446 2493 2498 2551 2559 2570 2583 2704 2746 2775 2809 2822 2837 2849 2878 2924 2969 3019 3020 3023 3031 3032 3055 3062 3081 3086 3271 3346 3384 3397 3504 3536 3539 3612 3695 3766 3778 3800 3807 3822 3833 3908 3912 3914 3923 3980 4043 4064 4119 4157 4173 4209 4338 4347 4385 4389 4394 4413 4436 4441 4446 4469 4472 4580 4609 4621 4692 4736 4763 4791 4796 4827 4833 4843 4912 4954 4992 5015 5054 5074 5097 5180 5224 5235 5251 5253 5262 5266 5278 5330 5345 5407 5419 5435 5439 5468 5488 5508 5553 5576 5589 5699 5718 5744 5783 5805 5931 5990 6032 6036 6037 6048 6113 6129 6153 6250 6252 6266 6311 6321 6324 6327 6331 6349 6402 6427 6445 6590 6654 6745 6798 6860 6884 6904 6920 6942 6958 6986 7009 7075 7093 7122 7126 7129 7133 7151 7159 7179 7212 7221 7238 7256 7265 7301 7333 7340 7365 7374 7401 7413 7478 7486 7526 7599 7699 7702 7729 7770 7775 7810 7811 7830 7853 7934 7949 7960 7977 8007 8041 8044 8072 8113 8132 8195 8206 8219 8228 8274 8368 8371 8459 8475 8501 8536 8576 8619 8621 8628 8680 8754 8758 8869 8882 8924 8926 8969 9027 9060 9140 9261 9301 9341 9384 9409 9435 9472 9483 9570 9639 9650 9758 9806 9808 9823 9834 9885 9886 9902 9954 9957 10025 10035 10073 10104 10112 10166 10194 10254 10261 10278 10308 10334 10395 10412 10418 10457 10498 10545 10546 10585 10594 10613 10684 10694 10731 10862 10863 10887 10946 10974 10981 11071 11102 11116 11138 11143 11178 11190 11243 11251 11276 11280 11291 11319 11333 11334 11351 11379 11427 11455 11467 11473 11521 11543 11566 11577 11615 11626 11645 11684 11710 11736 11746 11802 11803 11974 12052 12054 12065 12077 12148 12156 12208 12216 12231 12264 12277 12283 12297 12319 12325 12401 12466 12470 12550 12564 12584 12658 12724 12729 12753 12776 12780 12847 12929 13016 13034 13052 13066 13082 13088 13095 13142 13160 13167 13204 13221 13289 13321 13342 13416 13465
964 7013
6386
3556 11437
3192
3057
113 136 172 197 211 302 329 330 336 348 365 416 435 487 518 590 613 634 670 703 790 835 856 864 865 934 946 949 953 968 972 1044 1057 1066 1069 1077 1107 1120 1147 1233 1255 1279 1297 1329 1351 1407 1480 1507 1619 1622 1642 1693 1740 1803 1812 1855 1856 1871 2004 2026 2043 2092 2106 2145 2204 2213 2309 2344 2398 2445 2508 2516 2519 2541 2671 2676 2703 2715 2741 2794 2814 2850 2855 2856 2901 2992 3030 3049 3068 3098 3122 3186 3235 3238 3243 3256 3278 3280 3341 3373 3419 3437 3442 3466 3511 3531 3546 3577 3615 3625 3649 3677 3721 3732 3734 3801 3823 3878 3895 3899 3967 4000 4039 4069 4122 4123 4159 4251 4309 4331 4403 4437 4553 4579 4648 4659 4733 4755 4756 4786 4820 4830 4859 4894 4908 4917 4929 4958 4966 5066 5077 5088 5112 5125 5217 5292 5365 5422 5423 5429 5521 5542 5559 5575 5586 5591 5650 5701 5798 5814 5817 5898 5911 5929 5971 5991 6030 6202 6237 6245 6273 6280 6293 6295 6344 6384 6417 6481 6489 6497 6513 6534 6589 6596 6616 6664 6735 6736 6739 6751 6771 6915 6918 6955 6964 6974 7002 7029 7067 7095 7121 7180 7188 7216 7288 7295 7317 7356 7398 7433 7448 7497 7542 7618 7633 7636 7644 7666 7742 7752 7759 7816 7966 7975 8027 8038 8065 8104 8151 8153 8202 8268 8291 8303 8306 8338 8355 8560 8596 8609 8616 8658 8708 8731 8826 8848 8920 8957 9009 9010 9058 9070 9099 9103 9188 9250 9259 9273 9292 9303 9465 9475 9487 9497 9498 9520 9541 9557 9559 9585 9614 9641 9665 9720 9761 9778 9800 9802 9820 9887 9892 9913 9923 9945 9946 9947 10044 10054 10057 10065 10080 10090 10114 10140 10183 10200 10209 10239 10269 10273 10291 10346 10347 10403 10408 10431 10460 10519 10698 10713 10751 10758 10759 10770 10785 10803 10810 10813 10857 10905 10916 11014 11049 11062 11074 11130 11156 11221 11233 11253 11278 11311 11367 11380 11405 11406 11423 11442 11461 11476 11514 11518 11549 11555 11586 11605 11639 11671 11707 11709 11738 11773 11835 11852 11889 11932 11953 11994 12030 12034 12080 12101 12119 12158 12186 12203 12215 12242 12270 12271 12361 12530 12543 12558 12662 12707 12811 12880 12910 12978 12995 13036 13054 13134 13149 13181 13237 13322 13354 13368 13411 13418 13437 13445 13458
38 74 80 141 236 456 475 519 524 555 623 885 916 945 994 1051 1097 1104 1201 1211 1220 1260 1287 1306 1345 1348 1379 1381 1399 1441 1453 1460 1497 1519 1521 1526 1539 1548 1635 1751 1765 1768 1777 1876 1930 1939 1962 2045 2051 2060 2064 2105 2149 2156 2165 2170 2253 2293 2353 2469 2492 2560 2647 2756 2766 2847 2860 2865 2870 2907 2926 2934 2974 3026 3051 3060 3065 3089 3090 3189 3248 3351 3388 3391 3404 3420 3427 3430 3434 3447 3449 3525 3528 3561 3564 3608 3610 3634 3672 3698 3703 3826 3839 3864 3877 4021 4035 4046 4062 4087 4172 4204 4290 4329 4340 4408 4425 4502 4532 4540 4541 4546 4568 4585 4596 4605 4619 4626 4643 4651 4698 4726 4793 4797 4798 4809 4888 4902 4918 4998 5000 5020 5104 5120 5132 5182 5200 5241 5288 5349 5373 5416 5503 5564 5645 5712 5786 5895 5913 5916 5963 5964 5980 6010 6038 6045 6058 6116 6215 6226 6258 6260 6292 6338 6389 6394 6405 6421 6422 6429 6511 6568 6629 6766 6767 6850 6887 6929 6933 7066 7115 7135 7165 7172 7228 7267 7279 7289 7290 7299 7361 7362 7438 7440 7442 7492 7575 7623 7662 7701 7712 7718 7721 7766 7823 7833 7849 7870 7896 8042 8046 8059 8061 8078 8086 8130 8139 8140 8176 8218 8234 8239 8242 8281 8415 8433 8716 8745 8746 8836 8844 8886 8894 8902 8959 9024 9127 9137 9225 9244 9316 9444 9458 9492 9595 9661 9678 9684 9689 9743 9762 9766 9824 9860 9901 9976 10001 10004 10008 10021 10067 10101 10205 10236 10250 10284 10306 10370 10469 10472 10495 10522 10685 10712 10723 10737 10764 10846 10884 10885 10976 10994 11041 11048 11111 11122 11153 11187 11222 11308 11323 11383 11415 11464 11502 11510 11515 11537 11548 11580 11689 11705 11776 11777 11795 11845 11936 11940 11941 12025 12109 12126 12165 12176 12189 12214 12223 12261 12265 12310 12348 12380 12384 12436 12471 12498 12526 12555 12580 12589 12616 12623 12631 12649 12666 12684 12689 12690 12738 12845 12892 12914 12924 12937 13043 13076 13232 13261 13282 13283 13351 13365 13387 13397 13409 13423 13425 13436 13444 13453
3064 3100
9640
5297
9973
20 817 870 1122 1175 1288 1835 1848 2077 2113 2340 2418 2503 2672 2916 2936 3231 3557 3694 3946 3970 3981 3985 3999 4091 4105 4146 4223 4353 4597 4611 5061 5496 6083 6313 6396 6557 6789 6824 7218 7300 7406 7832 7938 7955 8309 8695 8910 9053 9387 9634 9867 10174 10265 10320 10627 10711 10956 11166 11296 11462 11511 11651 11916 12437 12541 12700 12769 13012 13104 13162 13238
4047
6024
8601
1780
12097
12713
7791
13146
7170
11179
2749 7244
1022
8825
12196 12989
1706
11919
6621
6754 11149
1903 11655
1208
7302 13305
3002 12408
345 11569
89 195 222 228 306 351 417 600 654 788 794 883 1052 1106 1191 1209 1286 1303 1380 1444 1534 1599 1614 1628 1702 1820 1866 2007 2013 2019 2083 2104 2276 2320 2349 2352 2367 2435 2573 2679 2721 2733 2738 2796 2841 2908 2938 2986 3013 3048 3117 3205 3417 3522 3617 3618 3636 3667 3725 3818 3825 3938 3969 3976 4025 4085 4144 4158 4206 4219 4237 4295 4300 4326 4421 4428 4478 4527 4544 4575 4589 4707 4875 5059 5170 5201 5301 5368 5376 5499 5505 5551 5637 5723 5736 5738 5794 5834 5902 5955 5960 5979 6060 6119 6183 6190 6253 6271 6282 6377 6462 6487 6587 6632 6675 6697 6921 6924 6941 7049 7058 7162 7210 7230 7259 7319 7387 7402 7506 7555 7559 7587 7605 7726 8024 8136 8144 8257 8333 8367 8412 8476 8675 8765 8785 8861 8923 8966 8979 9110 9122 9205 9352 9360 9432 9481 9670 9682 9734 9764 9788 9793 9876 9889 9896 9910 9922 9985 9989 10002 10026 10039 10151 10157 10187 10188 10192 10359 10371 10380 10531 10581 10695 10704 10707 10766 10779 10783 10796 10800 10868 10869 10906 10926 10978 10983 10990 11050 11051 11061 11069 11132 11175 11240 11267 11401 11481 11501 11612 11713 11870 11931 11948 11973 12048 12179 12243 12246 12419 12475 12480 12548 12567 12663 12672 12674 12678 12752 12766 12814 12841 12854 12947 13029 13070 13161 13165 13230 13296 13300 13323 13373 13375 13471
15 22 23 44 58 63 102 127 181 196 331 350 400 401 424 434 444 459 466 483 492 545 549 597 621 627 679 714 726 754 789 809 836 857 914 966 1074 1089 1160 1163 1173 1179 1207 1262 1276 1372 1601 1630 1692 1725 1752 1877 1909 1911 1946 1986 2009 2042 2119 2198 2256 2294 2325 2328 2359 2391 2422 2425 2478 2481 2490 2550 2580 2630 2664 2683 2685 2686 2700 2728 2730 2755 2848 2867 2879 2893 3009 3074 3106 3113 3139 3148 3226 3257 3285 3287 3295 3354 3445 3497 3510 3571 3737 3748 3777 3790 3904 3952 3984 4240 4312 4362 4390 4397 4487 4587 4647 4768 4788 4818 4832 4849 4870 4893 4933 4943 5002 5004 5011 5050 5184 5216 5233 5289 5404 5415 5417 5424 5512 5540 5683 5717 5765 5822 5889 5937 5944 6002 6044 6081 6114 6117 6139 6144 6178 6288 6362 6364 6365 6378 6390 6435 6451 6459 6460 6461 6552 6560 6582 6652 6683 6706 6762 6763 6770 6790 6831 6845 6917 6922 6923 7004 7062 7132 7149 7192 7359 7532 7539 7642 7657 7692 7727 7733 7756 7878 7939 7951 7958 8054 8055 8071 8088 8152 8170 8203 8322 8425 8443 8520 8542 8594 8606 8642 8654 8672 8727 8730 8734 8778 8807 8818 8854 8887 8918 8999 9044 9092 9124 9167 9198 9253 9282 9345 9354 9370 9371 9373 9412 9436 9445 9536 9756 9825 9837 9938 9991 10012 10014 10048 10059 10079 10143 10156 10185 10253 10259 10287 10360 10405 10452 10454 10550 10617 10662 10671 10724 10830 10870 10881 10928 10933 11022 11045 11082 11109 11145 11148 11193 11234 11244 11332 11344 11368 11432 11434 11485 11579 11590 11742 11861 11883 11905 11923 12033 12105 12143 12191 12248 12253 12259 12286 12300 12339 12396 12413 12430 12453 12456 12458 12485 12520 12585 12599 12777 12784 12882 12885 12891 12898 12916 12936 12959 13008 13038 13097 13125 13186 13257 13266 13271 13294 13343 13349 13370 13466
2577 2667 8897
2581
7925
2670
19 153 220 254 342 409 411 428 557 565 599 666 674 690 738 860 931 936 1020 1153 1253 1254 1275 1316 1491 1533 1543 1552 1563 1703 1741 1760 1925 1949 1971 1992 2005 2022 2068 2093 2116 2129 2136 2163 2195 2196 2233 2318 2479 2488 2507 2549 2584 2585 2626 2660 2691 2693 2748 2757 2778 2868 2898 2959 3017 3029 3034 3277 3317 3335 3337 3350 3383 3428 3493 3555 3562 3590 3593 3746 3767 3773 3886 3887 3922 3940 3943 3964 4005 4063 4104 4301 4426 4432 4440 4445 4459 4512 4565 4664 4745 4789 4828 4829 4869 4876 5043 5086 5090 5110 5152 5159 5209 5237 5238 5336 5378 5380 5408 5432 5528 5602 5615 5715 5719 5801 5868 5870 5881 5910 5921 5948 6012 6019 6066 6170 6171 6186 6211 6269 6299 6443 6464 6494 6522 6603 6646 6669 6696 6711 6740 6758 6839 6932 6940 6989 7018 7038 7046 7057 7160 7193 7195 7196 7224 7285 7305 7326 7376 7414 7457 7549 7551 7620 7678 7710 7807 7857 7874 7879 7900 7901 7943 7982 7984 8037 8129 8133 8205 8233 8243 8285 8301 8328 8334 8444 8540 8544 8566 8650 8703 8709 8771 8810 8907 8933 8945 8961 8965 9022 9065 9163 9182 9245 9267 9308 9447 9489 9545 9560 9632 9706 9777 9786 9827 9833 9871 9953 10013 10052 10111 10163 10213 10243 10323 10324 10401 10446 10560 10603 10624 10679 10687 10714 10734 10739 10776 10778 10792 10793 10801 10851 10861 10879 10895 10897 10980 11000 11003 11053 11125 11162 11174 11200 11228 11297 11303 11386 11398 11429 11474 11552 11617 11620 11649 11683 11796 11810 11868 11929 12130 12274 12281 12296 12324 12391 12433 12435 12468 12497 12503 12515 12544 12612 12664 12680 12717 12728 12812 12829 12842 12871 12886 12890 12899 12922 12926 12986 13059 13103 13129 13188 13472
2781
6733 11416
554
3750 6541
13 64 159 796 988 1331 2889 3759 4865 5048 5084 5768 5789 5837 6300 6416 6559 8127 8345 8791 9334 10181 10666 10940 11458 11828 12027 12420 12912 13178
4497
61 106 150 223 246 291 366 420 450 500 563 650 665 715 793 795 848 869 896 905 983 995 1038 1105 1129 1172 1248 1375 1637 1645 1717 1758 1767 1894 1976 2031 2074 2128 2142 2144 2201 2221 2234 2238 2240 2299 2381 2410 2420 2448 2513 2636 2655 2772 2825 2843 2866 2874 2888 3078 3093 3127 3204 3241 3312 3319 3333 3401 3452 3465 3588 3607 3614 3650 3659 3688 3752 3817 3831 3875 3891 3993 4086 4103 4116 4120 4126 4183 4188 4247 4255 4322 4381 4452 4525 4551 4595 4682 4744 4761 4765 4781 4784 4804 4836 4910 4951 4962 5005 5187 5212 5214 5273 5337 5467 5470 5520 5557 5679 5732 5769 5780 5949 6006 6013 6078 6103 6340 6358 6495 6581 6591 6617 6672 6691 6717 6731 6756 6834 6968 7040 7050 7087 7164 7261 7286 7351 7353 7417 7462 7499 7529 7553 7669 7683 7783 7809 7919 7928 7978 8004 8069 8150 8180 8211 8258 8349 8359 8488 8498 8562 8578 8615 8671 8683 8690 8701 8776 8794 8860 8921 8982 9007 9012 9043 9066 9131 9156 9169 9178 9185 9306 9314 9335 9381 9411 9418 9456 9461 9546 9548 9643 9683 9779 9797 9841 9891 9966 10031 10160 10162 10331 10344 10407 10442 10463 10478 10483 10525 10538 10637 10693 10790 10812 10844 10952 10968 11016 11030 11032 11089 11167 11248 11272 11281 11298 11347 11431 11456 11528 11529 11609 11631 11656 11670 11694 11696 11722 11894 11910 11913 11985 11986 11993 12092 12136 12204 12230 12247 12370 12487 12488 12491 12496 12533 12722 12953 12990 13003 13013 13018 13075 13096 13115 13219 13457
2494
1496 7085 12058
3149 9473
13061
8781
775 4169
4584
719 722 1202 1344 1905 2267 3431 3460 3764 4079 4470 5879 6046 7380 9135 9283 10449 10760 13217
1831
2423 5438
1426
9442
9420
7271
1885
27
668
29 57 160 205 308 372 389 394 430 457 461 464 511 516 606 639 751 769 894 922 978 999 1048 1084 1127 1143 1192 1284 1346 1361 1368 1439 1467 1501 1554 1564 1639 1699 1701 1729 1952 2021 2097 2146 2150 2292 2421 2547 2562 2656 2661 2714 2872 2886 2968 2972 3038 3050 3097 3173 3224 3246 3299 3328 3355 3475 3515 3533 3724 3837 3846 3910 3930 3932 3958 3997 4072 4098 4108 4170 4196 4303 4332 4494 4570 4581 4618 4633 4842 4862 4898 4932 4978 4982 4995 5034 5147 5160 5178 5188 5258 5263 5284 5291 5324 5344 5364 5391 5409 5460 5472 5474 5506 5513 5571 5616 5666 5672 5676 5742 5790 5791 5900 5967 6001 6008 6014 6017 6133 6138 6175 6189 6193 6219 6286 6399 6440 6531 6554 6653 6791 6816 6931 7194 7197 7236 7269 7277 7345 7370 7420 7428 7563 7598 7676 7681 7713 7764 7814 7828 7863 7873 7962 8010 8067 8106 8122 8174 8250 8259 8364 8464 8552 8564 8574 8577 8655 8748 8814 8864 8900 8949 8976 8998 9013 9083 9139 9176 9192 9194 9206 9307 9329 9350 9357 9441 9448 9479 9513 9638 9662 9667 9719 9873 9987 10060 10103 10153 10342 10354 10422 10473 10511 10527 10630 10643 10649 10652 10787 10802 10814 10818 10832 10860 10909 10941 11096 11105 11164 11197 11206 11399 11418 11422 11486 11567 11578 11634 11640 11731 11809 11837 11848 11906 11976 11978 12022 12038 12086 12110 12337 12346 12351 12407 12459 12600 12613 12735 12742 12760 12923 12933 12972 12976 13004 13039 13062 13067 13077 13102 13258 13315 13332 13371 13378 13428 13429 13442
7614
30 59 117 148 263 276 334 386 429 453 497 504 568 569 643 682 700 712 717 731 852 929 963 1062 1110 1132 1146 1241 1246 1358 1419 1503 1504 1542 1560 1595 1610 1633 1651 1672 1858 1900 1910 1969 2054 2059 2062 2148 2222 2273 2414 2429 2484 2489 2521 2540 2563 2601 2611 2648 2654 2706 2711 2759 2768 2784 2817 2824 2892 2912 2949 2967 3091 3247 3309 3313 3424 3463 3468 3469 3473 3482 3495 3508 3523 3537 3580 3657 3673 3720 3736 3809 3866 3894 3927 3937 3968 4009 4051 4147 4151 4184 4222 4444 4455 4576 4665 4680 4700 4704 4787 4808 4921 4944 5049 5080 5081 5117 5134 5242 5299 5312 5414 5421 5497 5570 5656 5660 5693 5711 5763 5829 5880 5941 5989 5997 6016 6176 6209 6305 6352 6406 6458 6561 6599 6772 6825 6875 6996 7027 7082 7152 7199 7325 7342 7435 7446 7465 7583 7648 7658 7660 7668 7723 7799 7819 7834 7987 7997 8008 8076 8123 8145 8225 8284 8386 8417 8472 8486 8525 8592 8617 8702 8780 8799 8906 8911 8938 8962 8992 9082 9109 9119 9215 9235 9430 9564 9572 9653 9698 9768 9776 9878 9894 9930 9981 10005 10084 10208 10228 10281 10350 10480 10608 10681 10718 10853 10877 10953 11135 11345 11366 11430 11465 11469 11495 11499 11530 11680 11759 11779 11899 11964 11980 12001 12020 12067 12146 12181 12188 12213 12239 12269 12276 12292 12354 12376 12465 12473 12524 12531 12720 12751 12771 12804 12883 12975 13050 13267 13270 13454
